"deGenes"
"A1BG"
"A2M"
"A4GALT"
"AAAS"
"AACS"
"AAGAB"
"AAMP"
"AARS"
"AARSD1"
"AASDHPPT"
"AATF"
"AATK"
"ABAT"
"ABCA10"
"ABCA1"
"ABCA3"
"ABCA5"
"ABCA6"
"ABCA7"
"ABCA9"
"ABCB1"
"ABCB8"
"ABCB9"
"ABCC10"
"ABCC3"
"ABCC6"
"ABCC6P1"
"ABCC6P2"
"ABCC8"
"ABCD1"
"ABCD4"
"ABCF2"
"ABCF3"
"ABCG1"
"ABCG2"
"ABCG4"
"ABHD10"
"ABHD11"
"ABHD14A"
"ABHD14B"
"ABHD15"
"ABHD3"
"ABHD4"
"ABHD6"
"ABHD8"
"ABI3"
"ABI3BP"
"ABLIM1"
"ABP1"
"ABR"
"ABT1"
"ABTB1"
"ABTB2"
"ACAA1"
"ACACA"
"ACAD10"
"ACAD11"
"ACAD8"
"ACAD9"
"ACADS"
"ACADVL"
"ACAN"
"ACAP1"
"ACAP2"
"ACAP3"
"ACBD4"
"ACBD5"
"ACBD6"
"ACBD7"
"ACCN2"
"ACCS"
"ACE"
"ACE2"
"ACER2"
"ACIN1"
"ACLY"
"ACN9"
"ACO1"
"ACO2"
"ACOT13"
"ACOT1"
"ACOT2"
"ACOT4"
"ACOT7"
"ACOT8"
"ACOT9"
"ACOX1"
"ACOX2"
"ACOX3"
"ACP1"
"ACP2"
"ACP6"
"ACPL2"
"ACPP"
"ACRC"
"ACSF2"
"ACSF3"
"ACSL3"
"ACSM1"
"ACSM3"
"ACSS2"
"ACTA2"
"ACTG1"
"ACTN1"
"ACTN4"
"ACTR10"
"ACTR1A"
"ACTR1B"
"ACTR3B"
"ACVR1"
"ACVR1B"
"ACVR2A"
"ACVRL1"
"ACY1"
"ACYP1"
"ACYP2"
"ADA"
"ADAM12"
"ADAM15"
"ADAM19"
"ADAM22"
"ADAM33"
"ADAM8"
"ADAMDEC1"
"ADAMTS10"
"ADAMTS17"
"ADAMTS18"
"ADAMTS7"
"ADAMTS9"
"ADAMTSL2"
"ADAMTSL4"
"ADAP1"
"ADAP2"
"ADARB1"
"ADAT2"
"ADC"
"ADCK1"
"ADCK2"
"ADCK4"
"ADCK5"
"ADCY1"
"ADCY3"
"ADCY4"
"ADCY7"
"ADCY9"
"ADH1B"
"ADI1"
"ADIPOR1"
"ADK"
"ADM"
"ADORA1"
"ADORA3"
"ADPGK"
"ADPRHL2"
"ADRA1B"
"ADRA2B"
"ADRB1"
"ADRB2"
"ADRBK1"
"ADRM1"
"ADSL"
"ADSS"
"ADSSL1"
"AEN"
"AES"
"AFAP1L1"
"AFF1"
"AFG3L1"
"AFMID"
"AGAP11"
"AGAP1"
"AGAP6"
"AGBL5"
"AGFG2"
"AGK"
"AGMAT"
"AGPAT2"
"AGPAT4"
"AGPAT5"
"AGPAT6"
"AGR2"
"AGRN"
"AGT"
"AGTRAP"
"AGXT2L1"
"AGXT2L2"
"AHCY"
"AHCYL1"
"AHNAK2"
"AHNAK"
"AHSA1"
"AIF1L"
"AIFM1"
"AIFM2"
"AIFM3"
"AIG1"
"AIMP2"
"AIP"
"AK1"
"AK2"
"AK3"
"AK7"
"AKAP12"
"AKAP2"
"AKAP8L"
"AKIRIN2"
"AKR1A1"
"AKT1"
"AKT1S1"
"AKT2"
"AKTIP"
"ALAS1"
"ALDH1A2"
"ALDH1A3"
"ALDH1L1"
"ALDH3A2"
"ALDH3B1"
"ALDH5A1"
"ALDH9A1"
"ALDOA"
"ALDOC"
"ALG13"
"ALG14"
"ALG1"
"ALG3"
"ALG5"
"ALG8"
"ALK"
"ALKBH1"
"ALKBH2"
"ALKBH3"
"ALKBH4"
"ALKBH5"
"ALKBH6"
"ALOX12P2"
"ALPK3"
"ALPL"
"ALS2CL"
"AMACR"
"AMBRA1"
"AMDHD2"
"AMFR"
"AMIGO2"
"AMIGO3"
"AMN1"
"AMPD2"
"AMPD3"
"AMY1A"
"AMZ2"
"ANAPC11"
"ANAPC13"
"ANAPC5"
"ANAPC7"
"ANGEL1"
"ANGPT2"
"ANGPTL1"
"ANGPTL2"
"ANK2"
"ANKFY1"
"ANKHD1-EIF4EBP3"
"ANKLE2"
"ANKRD13D"
"ANKRD19"
"ANKRD24"
"ANKRD34A"
"ANKRD37"
"ANKRD39"
"ANKRD40"
"ANKRD44"
"ANKRD53"
"ANKRD54"
"ANKRD5"
"ANKRD6"
"ANKS1B"
"ANKS3"
"ANKS6"
"ANKZF1"
"ANLN"
"ANO10"
"ANO1"
"ANO2"
"ANO5"
"ANO7"
"ANO8"
"ANO9"
"ANP32A"
"ANP32E"
"ANXA11"
"ANXA1"
"ANXA3"
"ANXA5"
"ANXA6"
"ANXA7"
"AOC2"
"AOX1"
"AP1B1"
"AP1G2"
"AP1M1"
"AP1M2"
"AP1S1"
"AP1S2"
"AP1S3"
"AP2A1"
"AP2A2"
"AP2M1"
"AP2S1"
"AP3B2"
"AP3D1"
"AP3M2"
"AP3S1"
"AP3S2"
"AP4M1"
"APBA2"
"APBA3"
"APBB3"
"APCDD1"
"APEH"
"APEX1"
"APEX2"
"APH1B"
"APITD1"
"APLN"
"APLNR"
"APLP1"
"APLP2"
"APOA1BP"
"APOBEC3D"
"APOD"
"APOE"
"APOL3"
"APOLD1"
"APOM"
"APOO"
"APRT"
"APTX"
"AQP1"
"AQP3"
"ARAP1"
"ARAP2"
"ARAP3"
"ARF1"
"ARF3"
"ARF5"
"ARFGAP1"
"ARFIP1"
"ARFIP2"
"ARFRP1"
"ARHGAP11A"
"ARHGAP1"
"ARHGAP17"
"ARHGAP18"
"ARHGAP19"
"ARHGAP22"
"ARHGAP23"
"ARHGAP27"
"ARHGAP30"
"ARHGAP6"
"ARHGDIA"
"ARHGDIB"
"ARHGEF10L"
"ARHGEF15"
"ARHGEF16"
"ARHGEF17"
"ARHGEF19"
"ARHGEF2"
"ARHGEF7"
"ARHGEF9"
"ARID3A"
"ARL1"
"ARL15"
"ARL16"
"ARL2BP"
"ARL4C"
"ARL5A"
"ARL6IP4"
"ARL6IP5"
"ARL8A"
"ARMC10"
"ARMC5"
"ARMC6"
"ARMC7"
"ARMC9"
"ARMCX2"
"ARMCX3"
"ARMCX5"
"ARMCX6"
"ARPC1A"
"ARPC1B"
"ARPC2"
"ARPC3"
"ARPC4"
"ARPC5"
"ARPC5L"
"ARRB1"
"ARRDC1"
"ARRDC2"
"ARSA"
"ARSB"
"ARSD"
"ARTN"
"ARV1"
"ARX"
"ASAP1"
"ASB3"
"ASB6"
"ASB9"
"ASCC1"
"ASCC2"
"ASCC3"
"ASF1A"
"ASF1B"
"ASL"
"ASNA1"
"ASNS"
"ASPHD1"
"ASPN"
"ASPSCR1"
"ASRGL1"
"ASS1"
"ASTN1"
"ASTN2"
"ASXL3"
"ATAD2"
"ATAD3A"
"ATAD3C"
"ATF3"
"ATF5"
"ATF7IP2"
"ATG10"
"ATG12"
"ATG16L2"
"ATG2A"
"ATG4A"
"ATG4B"
"ATG4D"
"ATG7"
"ATG9A"
"ATIC"
"ATN1"
"ATOX1"
"ATP10A"
"ATP11A"
"ATP13A1"
"ATP13A2"
"ATP1B2"
"ATP2C2"
"ATP5A1"
"ATP5B"
"ATP5C1"
"ATP5D"
"ATP5E"
"ATP5EP2"
"ATP5F1"
"ATP5G1"
"ATP5G2"
"ATP5G3"
"ATP5H"
"ATP5I"
"ATP5J2"
"ATP5J"
"ATP5L"
"ATP5O"
"ATP5SL"
"ATP6AP1"
"ATP6V0A1"
"ATP6V0B"
"ATP6V0C"
"ATP6V0D1"
"ATP6V0E1"
"ATP6V1A"
"ATP6V1B2"
"ATP6V1C2"
"ATP6V1D"
"ATP6V1E1"
"ATP6V1E2"
"ATP6V1F"
"ATP6V1G1"
"ATP7A"
"ATP8B1"
"ATP8B2"
"ATP8B4"
"ATP8B5P"
"ATPAF1"
"ATPAF2"
"ATPIF1"
"ATRIP"
"ATRN"
"ATRNL1"
"ATXN2"
"ATXN2L"
"ATXN7L2"
"ATXN7L3"
"AUH"
"AUP1"
"AURKAIP1"
"AUTS2"
"AVEN"
"AVPR1A"
"AVPR2"
"AXIN1"
"AZI1"
"B3GALNT2"
"B3GALT4"
"B3GALT6"
"B3GAT1"
"B3GAT3"
"B3GNT1"
"B3GNT2"
"B3GNT7"
"B3GNT8"
"B3GNT9"
"B3GNTL1"
"B4GALNT2"
"B4GALNT3"
"B4GALT2"
"B4GALT3"
"B4GALT5"
"B4GALT6"
"B4GALT7"
"B9D1"
"B9D2"
"BAALC"
"BACE1"
"BACE2"
"BACH2"
"BAD"
"BAG1"
"BAG2"
"BAHD1"
"BAI2"
"BAI3"
"BAIAP2"
"BAIAP2L1"
"BAIAP3"
"BAK1"
"BAMBI"
"BANF1"
"BAP1"
"BAT1"
"BAT2"
"BAT3"
"BAT5"
"BAX"
"BAZ1A"
"BBC3"
"BBOX1"
"BBS2"
"BCAP31"
"BCAR1"
"BCAT2"
"BCCIP"
"BCDIN3D"
"BCKDHA"
"BCKDK"
"BCL11A"
"BCL11B"
"BCL2L11"
"BCL2L12"
"BCL2L1"
"BCL6"
"BCL6B"
"BCL7A"
"BCL7B"
"BCL7C"
"BCL9"
"BCR"
"BDH1"
"BDH2"
"BECN1"
"BEGAIN"
"BEND3"
"BEST1"
"BEST4"
"BET1L"
"BFAR"
"BFSP1"
"BGLAP"
"BGN"
"BHLHE40"
"BHLHE41"
"BICC1"
"BICD1"
"BID"
"BIRC3"
"BLCAP"
"BLMH"
"BLNK"
"BLOC1S1"
"BLOC1S2"
"BLOC1S3"
"BLVRA"
"BLVRB"
"BMF"
"BMI1"
"BMP1"
"BMP2"
"BMP6"
"BMPR2"
"BNIP1"
"BNIP3"
"BNIPL"
"BOLA1"
"BOLA2"
"BOLA3"
"BOP1"
"BPGM"
"BPNT1"
"BRAP"
"BRD7"
"BRD9"
"BRE"
"BRF1"
"BRI3"
"BRIX1"
"BRMS1"
"BRP44"
"BRSK1"
"BSCL2"
"BSDC1"
"BSG"
"BSPRY"
"BST1"
"BTBD10"
"BTBD11"
"BTBD12"
"BTBD1"
"BTBD17"
"BTBD19"
"BTBD2"
"BTBD3"
"BTBD6"
"BTF3"
"BTF3L4"
"BTN2A1"
"BTNL9"
"BUB1B"
"BUB3"
"BUD31"
"BYSL"
"C10orf114"
"C10orf116"
"C10orf11"
"C10orf140"
"C10orf35"
"C10orf46"
"C10orf57"
"C10orf58"
"C10orf72"
"C10orf75"
"C10orf76"
"C10orf79"
"C10orf90"
"C10orf95"
"C11orf10"
"C11orf17"
"C11orf20"
"C11orf24"
"C11orf31"
"C11orf48"
"C11orf49"
"C11orf51"
"C11orf52"
"C11orf59"
"C11orf66"
"C11orf67"
"C11orf68"
"C11orf70"
"C11orf73"
"C11orf74"
"C11orf75"
"C11orf80"
"C11orf83"
"C11orf84"
"C12orf10"
"C12orf11"
"C12orf32"
"C12orf34"
"C12orf41"
"C12orf44"
"C12orf45"
"C12orf4"
"C12orf47"
"C12orf49"
"C12orf52"
"C12orf5"
"C12orf57"
"C12orf62"
"C12orf65"
"C12orf68"
"C12orf73"
"C12orf76"
"C13orf15"
"C13orf1"
"C13orf23"
"C13orf29"
"C13orf31"
"C13orf33"
"C13orf37"
"C14orf109"
"C14orf1"
"C14orf119"
"C14orf126"
"C14orf128"
"C14orf129"
"C14orf147"
"C14orf153"
"C14orf156"
"C14orf166"
"C14orf176"
"C14orf179"
"C14orf2"
"C14orf4"
"C14orf68"
"C14orf79"
"C14orf80"
"C14orf93"
"C15orf17"
"C15orf24"
"C15orf37"
"C15orf39"
"C15orf44"
"C15orf56"
"C15orf61"
"C15orf63"
"C16orf13"
"C16orf42"
"C16orf45"
"C16orf48"
"C16orf5"
"C16orf53"
"C16orf54"
"C16orf55"
"C16orf57"
"C16orf58"
"C16orf59"
"C16orf61"
"C16orf62"
"C16orf68"
"C16orf70"
"C16orf74"
"C16orf75"
"C16orf79"
"C16orf7"
"C16orf86"
"C16orf87"
"C16orf88"
"C16orf89"
"C16orf91"
"C16orf93"
"C17orf100"
"C17orf101"
"C17orf106"
"C17orf107"
"C17orf28"
"C17orf37"
"C17orf39"
"C17orf44"
"C17orf48"
"C17orf49"
"C17orf53"
"C17orf56"
"C17orf57"
"C17orf58"
"C17orf59"
"C17orf61"
"C17orf62"
"C17orf63"
"C17orf65"
"C17orf70"
"C17orf72"
"C17orf75"
"C17orf76"
"C17orf81"
"C17orf89"
"C17orf90"
"C17orf95"
"C17orf96"
"C17orf97"
"C18orf10"
"C18orf16"
"C18orf1"
"C18orf19"
"C18orf21"
"C18orf22"
"C18orf32"
"C18orf8"
"C19orf10"
"C19orf21"
"C19orf22"
"C19orf24"
"C19orf25"
"C19orf26"
"C19orf28"
"C19orf29"
"C19orf39"
"C19orf42"
"C19orf43"
"C19orf46"
"C19orf47"
"C19orf50"
"C19orf51"
"C19orf52"
"C19orf53"
"C19orf54"
"C19orf56"
"C19orf57"
"C19orf60"
"C19orf61"
"C19orf62"
"C19orf63"
"C19orf6"
"C19orf70"
"C19orf73"
"C1GALT1C1"
"C1orf113"
"C1orf114"
"C1orf115"
"C1orf122"
"C1orf123"
"C1orf126"
"C1orf128"
"C1orf130"
"C1orf133"
"C1orf144"
"C1orf151"
"C1orf159"
"C1orf170"
"C1orf172"
"C1orf183"
"C1orf192"
"C1orf201"
"C1orf210"
"C1orf212"
"C1orf213"
"C1orf216"
"C1orf21"
"C1orf226"
"C1orf229"
"C1orf31"
"C1orf35"
"C1orf43"
"C1orf50"
"C1orf51"
"C1orf53"
"C1orf54"
"C1orf56"
"C1orf57"
"C1orf63"
"C1orf66"
"C1orf70"
"C1orf85"
"C1orf86"
"C1orf88"
"C1orf91"
"C1orf93"
"C1orf97"
"C1QBP"
"C1QL1"
"C1QL3"
"C1QL4"
"C1QTNF2"
"C1QTNF6"
"C1QTNF7"
"C1R"
"C1S"
"C20orf108"
"C20orf112"
"C20orf132"
"C20orf135"
"C20orf151"
"C20orf160"
"C20orf194"
"C20orf196"
"C20orf199"
"C20orf20"
"C20orf24"
"C20orf27"
"C20orf30"
"C20orf3"
"C20orf4"
"C20orf43"
"C20orf46"
"C20orf54"
"C20orf72"
"C20orf7"
"C21orf33"
"C21orf45"
"C21orf56"
"C21orf57"
"C21orf58"
"C21orf59"
"C21orf70"
"C21orf7"
"C21orf88"
"C22orf25"
"C22orf32"
"C22orf41"
"C22orf9"
"C2CD2"
"C2CD2L"
"C2CD3"
"C2orf15"
"C2orf16"
"C2orf18"
"C2orf24"
"C2orf28"
"C2orf29"
"C2orf34"
"C2orf3"
"C2orf43"
"C2orf55"
"C2orf56"
"C2orf62"
"C2orf64"
"C2orf65"
"C2orf68"
"C2orf71"
"C2orf76"
"C2orf7"
"C2orf79"
"C2orf81"
"C2orf88"
"C2orf89"
"C3orf10"
"C3orf21"
"C3orf23"
"C3orf36"
"C3orf37"
"C3orf47"
"C3orf54"
"C3orf59"
"C3orf62"
"C3orf64"
"C3orf70"
"C3orf71"
"C3orf75"
"C4orf10"
"C4orf14"
"C4orf32"
"C4orf33"
"C4orf34"
"C4orf47"
"C4orf48"
"C4orf52"
"C5orf13"
"C5orf22"
"C5orf30"
"C5orf32"
"C5orf43"
"C5orf44"
"C5orf45"
"C5orf49"
"C5orf55"
"C5orf62"
"C6orf105"
"C6orf106"
"C6orf108"
"C6orf115"
"C6orf1"
"C6orf125"
"C6orf129"
"C6orf130"
"C6orf136"
"C6orf138"
"C6orf153"
"C6orf154"
"C6orf168"
"C6orf174"
"C6orf203"
"C6orf204"
"C6orf211"
"C6orf225"
"C6orf226"
"C6orf26"
"C6orf27"
"C6orf47"
"C6orf48"
"C6orf57"
"C6orf72"
"C7"
"C7orf11"
"C7orf13"
"C7orf23"
"C7orf25"
"C7orf26"
"C7orf27"
"C7orf28A"
"C7orf30"
"C7orf42"
"C7orf43"
"C7orf44"
"C7orf47"
"C7orf50"
"C7orf52"
"C7orf55"
"C7orf59"
"C8A"
"C8orf30A"
"C8orf31"
"C8orf42"
"C8orf4"
"C8orf47"
"C8orf55"
"C8orf58"
"C8orf59"
"C8orf73"
"C8orf76"
"C8orf80"
"C8orf84"
"C9orf100"
"C9orf110"
"C9orf114"
"C9orf116"
"C9orf119"
"C9orf125"
"C9orf140"
"C9orf142"
"C9orf150"
"C9orf167"
"C9orf16"
"C9orf169"
"C9orf172"
"C9orf23"
"C9orf25"
"C9orf37"
"C9orf3"
"C9orf40"
"C9orf46"
"C9orf6"
"C9orf69"
"C9orf7"
"C9orf78"
"C9orf86"
"C9orf89"
"C9orf93"
"C9orf95"
"CA11"
"CA12"
"CA13"
"CA14"
"CA2"
"CA5BP"
"CABC1"
"CABLES2"
"CACNA1C"
"CACNA2D1"
"CACNA2D2"
"CACNA2D3"
"CACNB1"
"CACNB2"
"CACNB3"
"CACNB4"
"CADPS2"
"CALCOCO1"
"CALCRL"
"CALM1"
"CALM2"
"CALM3"
"CALML4"
"CALR"
"CALU"
"CAMK1"
"CAMK1D"
"CAMK2B"
"CAMK2D"
"CAMK2G"
"CAMK2N1"
"CAMK2N2"
"CAMKK1"
"CAMLG"
"CAMP"
"CAMTA1"
"CAMTA2"
"CAND2"
"CANT1"
"CAP1"
"CAPN10"
"CAPN12"
"CAPN1"
"CAPN3"
"CAPNS1"
"CAPSL"
"CAPZA1"
"CAPZB"
"CARD10"
"CARD11"
"CARD14"
"CARHSP1"
"CARKD"
"CARM1"
"CARNS1"
"CARS2"
"CARS"
"CASK"
"CASKIN1"
"CASKIN2"
"CASP10"
"CASP3"
"CASP6"
"CASP9"
"CASZ1"
"CATSPER2"
"CAV1"
"CAV2"
"CBARA1"
"CBFB"
"CBL"
"CBLN1"
"CBLN3"
"CBR4"
"CBX2"
"CBX3"
"CBX4"
"CBX8"
"CC2D1A"
"CC2D1B"
"CC2D2A"
"CC2D2B"
"CCBL1"
"CCBL2"
"CCBP2"
"CCDC101"
"CCDC102A"
"CCDC104"
"CCDC106"
"CCDC107"
"CCDC109A"
"CCDC113"
"CCDC120"
"CCDC12"
"CCDC124"
"CCDC127"
"CCDC130"
"CCDC137"
"CCDC146"
"CCDC149"
"CCDC151"
"CCDC152"
"CCDC153"
"CCDC154"
"CCDC157"
"CCDC159"
"CCDC22"
"CCDC23"
"CCDC24"
"CCDC28B"
"CCDC41"
"CCDC43"
"CCDC48"
"CCDC52"
"CCDC53"
"CCDC56"
"CCDC58"
"CCDC61"
"CCDC64B"
"CCDC69"
"CCDC72"
"CCDC73"
"CCDC74A"
"CCDC78"
"CCDC84"
"CCDC85A"
"CCDC85B"
"CCDC85C"
"CCDC86"
"CCDC90A"
"CCDC91"
"CCDC92"
"CCDC94"
"CCL19"
"CCL21"
"CCL2"
"CCL4"
"CCL5"
"CCM2"
"CCNB1"
"CCNB1IP1"
"CCND1"
"CCND2"
"CCND3"
"CCNDBP1"
"CCNE1"
"CCNE2"
"CCNG1"
"CCNH"
"CCNJ"
"CCNJL"
"CCNL2"
"CCNO"
"CCPG1"
"CCR2"
"CCR5"
"CCR6"
"CCR7"
"CCRL2"
"CCS"
"CCT3"
"CCT4"
"CCT6A"
"CCT7"
"CCT8"
"CD14"
"CD151"
"CD164"
"CD164L2"
"CD180"
"CD1D"
"CD247"
"CD248"
"CD276"
"CD27"
"CD2"
"CD2BP2"
"CD300C"
"CD320"
"CD34"
"CD36"
"CD37"
"CD38"
"CD3D"
"CD3E"
"CD44"
"CD46"
"CD48"
"CD52"
"CD53"
"CD55"
"CD58"
"CD5"
"CD59"
"CD63"
"CD6"
"CD69"
"CD7"
"CD79A"
"CD8A"
"CD93"
"CD96"
"CD97"
"CDA"
"CDAN1"
"CDC123"
"CDC14A"
"CDC16"
"CDC20"
"CDC23"
"CDC34"
"CDC37"
"CDC42"
"CDC42BPA"
"CDC42BPG"
"CDC42EP1"
"CDC42EP3"
"CDC42EP5"
"CDC42SE1"
"CDC45"
"CDC6"
"CDC7"
"CDCA4"
"CDCA7L"
"CDH13"
"CDH16"
"CDH2"
"CDH23"
"CDH24"
"CDH3"
"CDH4"
"CDH5"
"CDH6"
"CDHR3"
"CDIPT"
"CDK10"
"CDK11B"
"CDK16"
"CDK17"
"CDK18"
"CDK1"
"CDK2"
"CDK2AP1"
"CDK2AP2"
"CDK3"
"CDK4"
"CDK5"
"CDK5RAP1"
"CDK5RAP3"
"CDK7"
"CDK9"
"CDKN1A"
"CDKN2A"
"CDKN2AIPNL"
"CDKN2B"
"CDKN2C"
"CDO1"
"CDR2"
"CDR2L"
"CDT1"
"CDYL2"
"CEBPA"
"CEBPG"
"CECR2"
"CECR5"
"CEL"
"CELF2"
"CELF4"
"CEMP1"
"CENPB"
"CENPBD1"
"CENPH"
"CENPK"
"CENPN"
"CENPP"
"CEP164"
"CEP70"
"CERCAM"
"CES3"
"CES8"
"CETP"
"CFD"
"CFH"
"CFI"
"CFL1"
"CFL2"
"CFLAR"
"CHAC1"
"CHAC2"
"CHADL"
"CHAF1A"
"CHAF1B"
"CHCHD10"
"CHCHD1"
"CHCHD2"
"CHCHD3"
"CHCHD4"
"CHCHD5"
"CHCHD7"
"CHCHD8"
"CHD1L"
"CHD4"
"CHEK1"
"CHERP"
"CHFR"
"CHIA"
"CHID1"
"CHKB-CPT1B"
"CHMP1A"
"CHMP2A"
"CHMP4A"
"CHMP4B"
"CHMP4C"
"CHMP5"
"CHMP6"
"CHN1"
"CHN2"
"CHP"
"CHPF2"
"CHPF"
"CHPT1"
"CHRDL1"
"CHRM3"
"CHRNB1"
"CHST10"
"CHST11"
"CHST12"
"CHST14"
"CHST2"
"CHST6"
"CHST7"
"CHTF18"
"CIAO1"
"CIAPIN1"
"CIB1"
"CIB4"
"CIDECP"
"CIITA"
"CILP2"
"CINP"
"CIRH1A"
"CISD3"
"CISH"
"CIT"
"CITED1"
"CITED2"
"CITED4"
"CKAP2"
"CKAP4"
"CKB"
"CKLF"
"CKMT1A"
"CKMT1B"
"CKMT2"
"CKS2"
"CLCC1"
"CLCN4"
"CLCN7"
"CLCNKA"
"CLDN15"
"CLDN16"
"CLDN1"
"CLDN2"
"CLDN7"
"CLDN8"
"CLDN9"
"CLEC10A"
"CLEC11A"
"CLEC14A"
"CLEC16A"
"CLEC1A"
"CLEC3B"
"CLIC1"
"CLIC2"
"CLIC4"
"CLIP1"
"CLIP2"
"CLIP3"
"CLIP4"
"CLK2"
"CLK3"
"CLMN"
"CLN6"
"CLNS1A"
"CLPB"
"CLPP"
"CLPTM1"
"CLPTM1L"
"CLSPN"
"CLSTN2"
"CLSTN3"
"CLTA"
"CLTB"
"CLTC"
"CLUL1"
"CLYBL"
"CMAS"
"CMBL"
"CMC1"
"CMKLR1"
"CMPK2"
"CMTM1"
"CMTM3"
"CMTM4"
"CMTM6"
"CMTM8"
"CMYA5"
"CNDP2"
"CNFN"
"CNIH"
"CNIH4"
"CNKSR1"
"CNNM2"
"CNO"
"CNOT3"
"CNOT8"
"CNP"
"CNPY2"
"CNPY3"
"CNPY4"
"CNRIP1"
"CNTD2"
"CNTFR"
"CNTLN"
"CNTN5"
"CNTNAP1"
"COASY"
"COBL"
"COBRA1"
"COG1"
"COG2"
"COG4"
"COG7"
"COG8"
"COL11A2"
"COL12A1"
"COL13A1"
"COL15A1"
"COL18A1"
"COL19A1"
"COL21A1"
"COL23A1"
"COL27A1"
"COL4A1"
"COL4A2"
"COL4A3BP"
"COL4A5"
"COL5A1"
"COL5A2"
"COL5A3"
"COL6A6"
"COL8A1"
"COL8A2"
"COL9A1"
"COL9A2"
"COLEC11"
"COLEC12"
"COLQ"
"COMMD10"
"COMMD1"
"COMMD3"
"COMMD4"
"COMMD5"
"COMMD7"
"COMMD9"
"COMT"
"COMTD1"
"COPE"
"COPG2"
"COPG"
"COPS3"
"COPS4"
"COPS5"
"COPS6"
"COPS7A"
"COPS7B"
"COPZ1"
"COQ10B"
"COQ2"
"COQ3"
"COQ4"
"COQ5"
"COQ6"
"COQ9"
"CORO1A"
"CORO1B"
"CORO1C"
"CORO2A"
"CORO7"
"COX11"
"COX16"
"COX17"
"COX18"
"COX19"
"COX4I1"
"COX4I2"
"COX4NB"
"COX5A"
"COX5B"
"COX6A1"
"COX6B1"
"COX6C"
"COX7A1"
"COX7A2"
"COX7A2L"
"COX7B"
"COX7C"
"COX8A"
"CP"
"CPD"
"CPEB2"
"CPLX1"
"CPM"
"CPNE1"
"CPNE2"
"CPNE4"
"CPOX"
"CPSF1"
"CPSF2"
"CPSF3"
"CPSF3L"
"CPSF4"
"CPT1B"
"CPT1C"
"CPT2"
"CPXM2"
"CR2"
"CRABP2"
"CRADD"
"CRAT"
"CRB3"
"CRCP"
"CREB3"
"CREB3L1"
"CREB5"
"CREBL2"
"CRELD1"
"CRHR1"
"CRIP2"
"CRIPAK"
"CRIPT"
"CRISPLD2"
"CRLS1"
"CRMP1"
"CROCC"
"CRTAP"
"CRTC1"
"CRTC2"
"CRYAB"
"CRYGS"
"CRYL1"
"CS"
"CSAD"
"CSGALNACT1"
"CSMD1"
"CSMD2"
"CSNK1A1"
"CSNK1D"
"CSNK1E"
"CSNK2A2"
"CSNK2B"
"CSPG4"
"CSPG5"
"CSRNP2"
"CST3"
"CST7"
"CSTB"
"CSTF3"
"CTAGE5"
"CTBP1"
"CTBP2"
"CTBS"
"CTDP1"
"CTDSP1"
"CTGF"
"CTNNA1"
"CTNNB1"
"CTNNBIP1"
"CTNND2"
"CTNS"
"CTPS"
"CTSA"
"CTSB"
"CTSC"
"CTSD"
"CTSE"
"CTSF"
"CTSH"
"CTSK"
"CTSS"
"CTSZ"
"CTTN"
"CTTNBP2"
"CTTNBP2NL"
"CTU1"
"CTU2"
"CTXN1"
"CUEDC2"
"CUL1"
"CUL7"
"CUTA"
"CUTC"
"CUX1"
"CWC15"
"CX3CL1"
"CX3CR1"
"CXCL11"
"CXCL12"
"CXCL16"
"CXCL2"
"CXCR6"
"CXorf26"
"CXorf36"
"CXorf42"
"CXorf57"
"CXXC5"
"CYB561"
"CYB561D2"
"CYB5B"
"CYBA"
"CYBRD1"
"CYC1"
"CYCS"
"CYFIP1"
"CYFIP2"
"CYGB"
"CYHR1"
"CYP27B1"
"CYP2C8"
"CYP2D6"
"CYP2D7P1"
"CYP46A1"
"CYP4B1"
"CYP4V2"
"CYP7B1"
"CYR61"
"CYSLTR2"
"CYTH2"
"CYTH3"
"CYTIP"
"CYTSB"
"CYYR1"
"D2HGDH"
"DAB2IP"
"DACH2"
"DAD1"
"DAGLA"
"DAGLB"
"DAK"
"DALRD3"
"DAP"
"DAP3"
"DAPK1"
"DAPK2"
"DAPK3"
"DAPL1"
"DAPP1"
"DARC"
"DAZAP1"
"DBF4B"
"DBH"
"DBI"
"DBN1"
"DBNDD1"
"DBNDD2"
"DBNL"
"DBP"
"DCAF13"
"DCAF15"
"DCAF4"
"DCAF6"
"DCAF7"
"DCAKD"
"DCBLD1"
"DCBLD2"
"DCHS1"
"DCHS2"
"DCI"
"DCLK1"
"DCLK2"
"DCLK3"
"DCN"
"DCP1B"
"DCPS"
"DCST2"
"DCTN1"
"DCTN2"
"DCTN3"
"DCTN5"
"DCTN6"
"DCUN1D3"
"DCXR"
"DDA1"
"DDAH1"
"DDB1"
"DDB2"
"DDHD1"
"DDIT3"
"DDIT4"
"DDOST"
"DDR1"
"DDR2"
"DDRGK1"
"DDX12"
"DDX19B"
"DDX23"
"DDX24"
"DDX25"
"DDX39"
"DDX41"
"DDX47"
"DDX49"
"DDX52"
"DDX54"
"DDX55"
"DDX56"
"DECR1"
"DECR2"
"DEDD"
"DEF8"
"DEGS1"
"DEGS2"
"DENND1A"
"DENND2D"
"DENND5B"
"DERA"
"DERL1"
"DERL2"
"DERL3"
"DES"
"DEXI"
"DGAT1"
"DGAT2"
"DGCR14"
"DGCR2"
"DGCR5"
"DGCR6"
"DGCR6L"
"DGCR9"
"DGKI"
"DGKQ"
"DGKZ"
"DGUOK"
"DHCR7"
"DHDDS"
"DHFR"
"DHODH"
"DHPS"
"DHRS1"
"DHRS11"
"DHRS13"
"DHRS3"
"DHRS4"
"DHRS4L2"
"DHRS7"
"DHRS7B"
"DHRSX"
"DHX16"
"DHX30"
"DHX32"
"DHX8"
"DIABLO"
"DIP2B"
"DIRAS1"
"DIRAS3"
"DIRC2"
"DIS3L2"
"DISC1"
"DISP1"
"DKFZP434L187"
"DKFZP586I1420"
"DKFZP686I15217"
"DKK1"
"DLC1"
"DLD"
"DLEC1"
"DLEU1"
"DLEU2"
"DLG2"
"DLG3"
"DLG4"
"DLGAP1"
"DLGAP2"
"DLGAP3"
"DLGAP4"
"DLL1"
"DLL3"
"DLL4"
"DLST"
"DLX4"
"DMAP1"
"DMKN"
"DMPK"
"DMRT1"
"DMRT3"
"DMWD"
"DMXL2"
"DNA2"
"DNAH10"
"DNAH14"
"DNAH6"
"DNAH7"
"DNAJA2"
"DNAJA3"
"DNAJB11"
"DNAJB12"
"DNAJB2"
"DNAJB4"
"DNAJB5"
"DNAJB6"
"DNAJC15"
"DNAJC1"
"DNAJC17"
"DNAJC19"
"DNAJC22"
"DNAJC25"
"DNAJC30"
"DNAJC4"
"DNAJC5"
"DNAJC7"
"DNAJC9"
"DNASE1"
"DNASE1L1"
"DNASE1L2"
"DNASE1L3"
"DNASE2"
"DND1"
"DNLZ"
"DNM1"
"DNM2"
"DNM3"
"DNMT1"
"DNMT3A"
"DNTTIP1"
"DOCK10"
"DOCK2"
"DOCK3"
"DOCK4"
"DOCK6"
"DOCK9"
"DOHH"
"DOK1"
"DOK2"
"DOK4"
"DOLK"
"DOLPP1"
"DOM3Z"
"DONSON"
"DOPEY2"
"DPAGT1"
"DPCD"
"DPF2"
"DPF3"
"DPH1"
"DPH5"
"DPM2"
"DPM3"
"DPP10"
"DPP3"
"DPP4"
"DPP6"
"DPP7"
"DPP9"
"DPT"
"DPY19L1"
"DPY30"
"DPYSL3"
"DRAM1"
"DRAM2"
"DRAP1"
"DRG2"
"DSEL"
"DSN1"
"DST"
"DTD1"
"DTL"
"DTNA"
"DTNBP1"
"DTX2"
"DTX3"
"DTX3L"
"DTX4"
"DTYMK"
"DULLARD"
"DUOX1"
"DUOX2"
"DUOXA1"
"DUOXA2"
"DUS1L"
"DUS2L"
"DUS4L"
"DUSP1"
"DUSP15"
"DUSP16"
"DUSP2"
"DUSP22"
"DUSP23"
"DUSP4"
"DUSP5"
"DUSP6"
"DUSP7"
"DVL1"
"DVL3"
"DYNC1H1"
"DYNC1LI1"
"DYNC2LI1"
"DYNLL1"
"DYNLRB1"
"DYRK1B"
"DYRK4"
"DYSF"
"E2F1"
"E2F3"
"E2F4"
"E2F6"
"E4F1"
"EAF1"
"EARS2"
"EBF4"
"EBP"
"EBPL"
"ECE1"
"ECE2"
"ECEL1"
"ECH1"
"ECHDC1"
"ECHS1"
"ECM1"
"ECM2"
"ECSCR"
"ECSIT"
"EDA"
"EDA2R"
"EDARADD"
"EDC3"
"EDC4"
"EDEM1"
"EDEM2"
"EDF1"
"EDIL3"
"EDN2"
"EDNRA"
"EDNRB"
"EEF1A1"
"EEF1A1P9"
"EEF1A2"
"EEF1D"
"EEF1E1"
"EEF2"
"EEF2K"
"EEFSEC"
"EEPD1"
"EFCAB4A"
"EFEMP1"
"EFEMP2"
"EFHA1"
"EFHB"
"EFHD1"
"EFHD2"
"EFNA3"
"EFNA4"
"EFNA5"
"EFNB1"
"EFNB2"
"EFNB3"
"EFR3A"
"EFR3B"
"EFS"
"EFTUD1"
"EFTUD2"
"EGFL7"
"EGFL8"
"EGFLAM"
"EGLN1"
"EGR1"
"EGR2"
"EGR3"
"EHD1"
"EHD2"
"EHD3"
"EHD4"
"EHF"
"EHMT2"
"EI24"
"EID1"
"EID2"
"EID2B"
"EIF1"
"EIF1AD"
"EIF2AK1"
"EIF2AK4"
"EIF2B1"
"EIF2B2"
"EIF2B3"
"EIF2B4"
"EIF2B5"
"EIF2C4"
"EIF2S2"
"EIF3B"
"EIF3C"
"EIF3CL"
"EIF3E"
"EIF3F"
"EIF3G"
"EIF3H"
"EIF3I"
"EIF3K"
"EIF3M"
"EIF4A1"
"EIF4A2"
"EIF4EBP1"
"EIF4EBP3"
"EIF4G3"
"EIF5A"
"EIF5AL1"
"EIF5B"
"EIF6"
"ELAC2"
"ELAVL1"
"ELFN1"
"ELK1"
"ELK3"
"ELL3"
"ELMO2"
"ELMO3"
"ELMOD3"
"ELOF1"
"ELOVL1"
"ELOVL2"
"ELOVL4"
"ELOVL5"
"ELOVL6"
"ELTD1"
"EMB"
"EMCN"
"EMG1"
"EMID1"
"EMILIN1"
"EMILIN2"
"EMILIN3"
"EML2"
"EML3"
"EML4"
"EMP1"
"ENAH"
"ENDOD1"
"ENDOG"
"ENDOU"
"ENG"
"ENO1"
"ENO2"
"ENO3"
"ENOPH1"
"ENPEP"
"ENPP3"
"ENTPD1"
"ENTPD5"
"ENTPD6"
"ENTPD8"
"EPAS1"
"EPB41L1"
"EPB41L2"
"EPB41L4A"
"EPB41L5"
"EPB49"
"EPCAM"
"EPDR1"
"EPHA10"
"EPHA2"
"EPHA3"
"EPHA5"
"EPHB1"
"EPHB2"
"EPHB3"
"EPHB4"
"EPHX1"
"EPHX4"
"EPN1"
"EPN2"
"EPN3"
"EPOR"
"EPPK1"
"EPS15"
"EPS15L1"
"EPS8"
"EPS8L1"
"EPS8L2"
"ERAL1"
"ERBB2"
"ERBB2IP"
"ERCC1"
"ERCC2"
"ERCC5"
"ERF"
"ERG"
"ERGIC2"
"ERGIC3"
"ERH"
"ERI3"
"ERLEC1"
"ERLIN1"
"ERMP1"
"ERP27"
"ERP29"
"ERP44"
"ESAM"
"ESM1"
"ESPNL"
"ESRP1"
"ESRP2"
"ESRRA"
"ESYT1"
"ESYT3"
"ETFA"
"ETFB"
"ETFDH"
"ETHE1"
"ETNK2"
"ETS1"
"ETV1"
"ETV2"
"ETV4"
"ETV5"
"ETV6"
"EVC"
"EVI2B"
"EVI5L"
"EVPL"
"EVPLL"
"EXD3"
"EXOC3L"
"EXOC3L2"
"EXOC4"
"EXOC7"
"EXOG"
"EXOSC1"
"EXOSC4"
"EXOSC5"
"EXOSC6"
"EXOSC7"
"EXT2"
"EXTL3"
"EZH2"
"F10"
"F12"
"F2R"
"F2RL3"
"F8"
"F8A1"
"FA2H"
"FAAH2"
"FADD"
"FADS1"
"FADS2"
"FAF1"
"FAH"
"FAHD1"
"FAIM3"
"FAM100A"
"FAM100B"
"FAM101B"
"FAM103A1"
"FAM104A"
"FAM105A"
"FAM107A"
"FAM107B"
"FAM108A1"
"FAM108C1"
"FAM109A"
"FAM110A"
"FAM110C"
"FAM111B"
"FAM113A"
"FAM115C"
"FAM116B"
"FAM117B"
"FAM118B"
"FAM120A"
"FAM124A"
"FAM124B"
"FAM125A"
"FAM126A"
"FAM127A"
"FAM127B"
"FAM127C"
"FAM128A"
"FAM128B"
"FAM134A"
"FAM134B"
"FAM134C"
"FAM136A"
"FAM151B"
"FAM155A"
"FAM155B"
"FAM156A"
"FAM158A"
"FAM160B2"
"FAM162A"
"FAM162B"
"FAM167B"
"FAM171A2"
"FAM171B"
"FAM173A"
"FAM174A"
"FAM174B"
"FAM176B"
"FAM177A1"
"FAM18B2"
"FAM190A"
"FAM192A"
"FAM193A"
"FAM195A"
"FAM195B"
"FAM198B"
"FAM19A2"
"FAM19A5"
"FAM20A"
"FAM24B"
"FAM26E"
"FAM27C"
"FAM32A"
"FAM38A"
"FAM38B"
"FAM3A"
"FAM3B"
"FAM3C"
"FAM3D"
"FAM40B"
"FAM43A"
"FAM46A"
"FAM46B"
"FAM46C"
"FAM48A"
"FAM49A"
"FAM50A"
"FAM53B"
"FAM54B"
"FAM57A"
"FAM58A"
"FAM60A"
"FAM69B"
"FAM70B"
"FAM71D"
"FAM71E1"
"FAM73B"
"FAM81A"
"FAM82A2"
"FAM83D"
"FAM83F"
"FAM84A"
"FAM84B"
"FAM86A"
"FAM86C"
"FAM86D"
"FAM89B"
"FAM91A1"
"FAM96A"
"FAM96B"
"FAM98C"
"FANCC"
"FANCE"
"FANCI"
"FANCL"
"FANK1"
"FAP"
"FAR2"
"FARP1"
"FARSA"
"FARSB"
"FAS"
"FASN"
"FASTK"
"FAT2"
"FAT4"
"FAU"
"FBF1"
"FBLL1"
"FBLN1"
"FBLN2"
"FBLN5"
"FBN3"
"FBP1"
"FBRS"
"FBRSL1"
"FBXL14"
"FBXL15"
"FBXL17"
"FBXL19"
"FBXL20"
"FBXL2"
"FBXL6"
"FBXL8"
"FBXO10"
"FBXO16"
"FBXO17"
"FBXO22"
"FBXO2"
"FBXO22OS"
"FBXO25"
"FBXO31"
"FBXO32"
"FBXO41"
"FBXO44"
"FBXO46"
"FBXO6"
"FBXW4"
"FBXW5"
"FBXW7"
"FBXW9"
"FCHO2"
"FCHSD2"
"FCN3"
"FCRL5"
"FCRLB"
"FDPS"
"FDX1L"
"FDXR"
"FEN1"
"FER"
"FEZ1"
"FGD5"
"FGF11"
"FGF12"
"FGF1"
"FGFR1"
"FGFR2"
"FGFR3"
"FGFRL1"
"FGL2"
"FH"
"FHDC1"
"FHL2"
"FHL3"
"FHOD1"
"FHOD3"
"FIBIN"
"FIBP"
"FIG4"
"FILIP1"
"FIS1"
"FITM1"
"FIZ1"
"FJX1"
"FKBP10"
"FKBP15"
"FKBP1A"
"FKBP2"
"FKBP3"
"FKBP4"
"FKBP8"
"FKBP9"
"FLAD1"
"FLI1"
"FLII"
"FLJ10357"
"FLJ11235"
"FLJ23867"
"FLJ33630"
"FLJ35220"
"FLJ45244"
"FLJ45445"
"FLNC"
"FLOT1"
"FLOT2"
"FLRT2"
"FLRT3"
"FLT1"
"FLT4"
"FLVCR2"
"FLYWCH1"
"FLYWCH2"
"FMNL3"
"FMO1"
"FMO2"
"FMO5"
"FN1"
"FN3K"
"FNBP1"
"FNDC4"
"FNDC5"
"FNTA"
"FNTB"
"FOLH1"
"FOS"
"FOSB"
"FOSL2"
"FOXA2"
"FOXC1"
"FOXE1"
"FOXF1"
"FOXJ1"
"FOXK2"
"FOXM1"
"FOXP2"
"FOXP4"
"FOXQ1"
"FOXRED1"
"FOXS1"
"FPGS"
"FRAS1"
"FRAT1"
"FRMD3"
"FRMD5"
"FRMD8"
"FRMPD2"
"FSCN1"
"FSCN2"
"FSTL4"
"FTH1"
"FTHL3"
"FTSJ1"
"FTSJ2"
"FUCA1"
"FUCA2"
"FUK"
"FUNDC1"
"FUNDC2"
"FURIN"
"FUS"
"FUT1"
"FUZ"
"FXR2"
"FXYD5"
"FYB"
"FYN"
"FYTTD1"
"FZD1"
"FZD4"
"FZD5"
"G3BP2"
"G6PC3"
"G6PD"
"GAA"
"GAB2"
"GABARAP"
"GABARAPL2"
"GABBR2"
"GABPB1"
"GABRB2"
"GABRB3"
"GABRD"
"GABRG1"
"GABRG3"
"GADD45A"
"GADD45GIP1"
"GAK"
"GAL3ST3"
"GAL3ST4"
"GALE"
"GALK1"
"GALM"
"GALNS"
"GALNT10"
"GALNT11"
"GALNT12"
"GALNT14"
"GALNT2"
"GALNT7"
"GALNTL2"
"GALT"
"GAMT"
"GANAB"
"GANC"
"GAPDH"
"GARS"
"GAS1"
"GAS2L1"
"GAS2L2"
"GAS5"
"GAS6"
"GAS7"
"GAS8"
"GATA2"
"GATA5"
"GATAD1"
"GATAD2A"
"GATS"
"GATSL3"
"GBA2"
"GBAP1"
"GBF1"
"GBGT1"
"GBP1"
"GCET2"
"GCGR"
"GCHFR"
"GCNT1"
"GCNT2"
"GCOM1"
"GDAP2"
"GDE1"
"GDF11"
"GDF15"
"GDF5"
"GDI1"
"GDPD1"
"GDPD5"
"GEMIN6"
"GEMIN7"
"GET4"
"GFER"
"GFM2"
"GFPT1"
"GFPT2"
"GFRA1"
"GGA1"
"GGA2"
"GGA3"
"GGCT"
"GGH"
"GGN"
"GGPS1"
"GGT6"
"GGTLC1"
"GGTLC2"
"GHDC"
"GHITM"
"GHR"
"GIMAP5"
"GIMAP6"
"GIMAP8"
"GINS1"
"GINS2"
"GINS3"
"GIPC1"
"GIPC3"
"GIT1"
"GIT2"
"GIYD2"
"GJA1"
"GJA3"
"GJA4"
"GJA5"
"GJB3"
"GJC1"
"GK5"
"GLB1"
"GLB1L2"
"GLB1L3"
"GLB1L"
"GLI4"
"GLIPR1"
"GLMN"
"GLO1"
"GLOD5"
"GLRB"
"GLRX"
"GLRX3"
"GLRX5"
"GLS2"
"GLT1D1"
"GLT25D1"
"GLT25D2"
"GLT8D1"
"GLT8D2"
"GLTP"
"GLTPD1"
"GLTSCR1"
"GLYCTK"
"GLYR1"
"GMDS"
"GMPR2"
"GMPR"
"GMPS"
"GNAI2"
"GNAI3"
"GNAO1"
"GNAQ"
"GNAS"
"GNB1"
"GNB1L"
"GNB2"
"GNB2L1"
"GNG10"
"GNG11"
"GNG5"
"GNL2"
"GNMT"
"GNPAT"
"GNPDA1"
"GNPTAB"
"GNPTG"
"GNRH1"
"GNRHR2"
"GOLGA7B"
"GOLGA8A"
"GOLGA8B"
"GOLT1A"
"GORASP1"
"GORASP2"
"GOT1"
"GOT2"
"GPAA1"
"GPAM"
"GPATCH3"
"GPC1"
"GPC3"
"GPC4"
"GPCPD1"
"GPD1"
"GPD2"
"GPER"
"GPHN"
"GPI"
"GPIHBP1"
"GPKOW"
"GPM6A"
"GPN1"
"GPN2"
"GPR108"
"GPR114"
"GPR116"
"GPR125"
"GPR126"
"GPR137"
"GPR137B"
"GPR137C"
"GPR160"
"GPR161"
"GPR162"
"GPR172A"
"GPR172B"
"GPR176"
"GPR183"
"GPR3"
"GPR4"
"GPR56"
"GPR61"
"GPR77"
"GPR89A"
"GPR89C"
"GPR98"
"GPRC5B"
"GPRC5C"
"GPRIN1"
"GPS1"
"GPS2"
"GPSM1"
"GPSM2"
"GPT2"
"GPT"
"GPX1"
"GPX4"
"GPX7"
"GPX8"
"GRAMD1A"
"GRAMD2"
"GRB10"
"GRB2"
"GRB7"
"GREB1"
"GRHL1"
"GRHL3"
"GRHPR"
"GRINA"
"GRINL1A"
"GRIPAP1"
"GRK4"
"GRM4"
"GRN"
"GRPEL1"
"GRRP1"
"GRSF1"
"GRWD1"
"GSDMB"
"GSDMD"
"GSK3A"
"GSK3B"
"GSPT1"
"GSR"
"GSS"
"GSTK1"
"GSTM4"
"GSTM5"
"GSTO1"
"GSTO2"
"GSTP1"
"GSTZ1"
"GTF2E2"
"GTF2F2"
"GTF2H4"
"GTF2H5"
"GTF2IP1"
"GTF2IRD1"
"GTF3A"
"GTF3C1"
"GTF3C5"
"GTF3C6"
"GTPBP2"
"GTPBP3"
"GTPBP5"
"GTPBP8"
"GUCA1B"
"GUCY1A2"
"GUCY1B3"
"GUK1"
"GULP1"
"GUSB"
"GVIN1"
"GXYLT2"
"GYG1"
"GYLTL1B"
"GYS1"
"GZMK"
"H19"
"H1FX"
"H2AFJ"
"H2AFX"
"H2AFY2"
"H2AFY"
"H2AFZ"
"H3F3A"
"HAAO"
"HABP4"
"HADH"
"HADHA"
"HADHB"
"HAGH"
"HAGHL"
"HAPLN1"
"HARBI1"
"HARS2"
"HARS"
"HAUS1"
"HAUS4"
"HAUS5"
"HAUS7"
"HAX1"
"HBA1"
"HBA2"
"HBB"
"HBXIP"
"HCCS"
"HCFC1R1"
"HCG11"
"HCG22"
"HCN2"
"HCN3"
"HCN4"
"HDAC1"
"HDAC4"
"HDAC5"
"HDAC7"
"HDAC8"
"HDAC9"
"HDDC2"
"HDDC3"
"HDGFRP2"
"HDGFRP3"
"HDHD1A"
"HDHD2"
"HDHD3"
"HEATR3"
"HEBP2"
"HECTD3"
"HECW2"
"HEG1"
"HELLS"
"HERC2P2"
"HERC3"
"HES1"
"HES4"
"HES6"
"HEXA"
"HEXIM1"
"HEXIM2"
"HEY1"
"HEY2"
"HEYL"
"HFM1"
"HGS"
"HGSNAT"
"HHATL"
"HHIPL1"
"HHLA3"
"HIBADH"
"HIBCH"
"HIGD1A"
"HIGD1B"
"HIGD2A"
"HINFP"
"HINT1"
"HIP1"
"HIP1R"
"HIST1H1C"
"HIST1H2AC"
"HIST1H2AE"
"HIST1H2BC"
"HIST1H2BD"
"HIST1H2BG"
"HIST1H2BJ"
"HIST1H2BK"
"HIST1H4H"
"HIST1H4J"
"HIST2H2AA3"
"HIST2H2BE"
"HIST2H2BF"
"HIST2H4A"
"HIST3H2A"
"HK2"
"HKR1"
"HLA-DMB"
"HLCS"
"HLX"
"HM13"
"HMBS"
"HMG20B"
"HMGA2"
"HMGB3"
"HMGCL"
"HMGN1"
"HMGN3"
"HMGN5"
"HMGXB3"
"HMOX1"
"HMOX2"
"HN1"
"HNMT"
"HNRNPAB"
"HNRNPC"
"HNRNPL"
"HOMER2"
"HOOK1"
"HOXB6"
"HOXD9"
"HP"
"HPCA"
"HPCAL1"
"HPCAL4"
"HPGD"
"HPN"
"HPRT1"
"HPS1"
"HPS6"
"HRAS"
"HRASLS"
"HRC"
"HRH1"
"HRSP12"
"HS1BP3"
"HS3ST2"
"HS6ST2"
"HSBP1L1"
"HSCB"
"HSD11B1L"
"HSD17B10"
"HSD17B1"
"HSD17B14"
"HSD17B7"
"HSD17B7P2"
"HSD17B8"
"HSD3B7"
"HSDL2"
"HSF1"
"HSF4"
"HSPA12B"
"HSPA4"
"HSPA5"
"HSPA9"
"HSPB1"
"HSPB6"
"HSPB7"
"HSPBP1"
"HSPD1"
"HSPG2"
"HTATIP2"
"HTR2B"
"HTRA1"
"HTT"
"HUNK"
"HYAL2"
"HYAL3"
"HYI"
"HYLS1"
"IAH1"
"IARS2"
"IARS"
"ICA1"
"ICA1L"
"ICAM1"
"ICAM2"
"ICAM4"
"ICAM5"
"ICMT"
"ICT1"
"ID2"
"IDH1"
"IDH2"
"IDH3A"
"IDH3B"
"IDH3G"
"IDO1"
"IDUA"
"IER2"
"IER3IP1"
"IER5"
"IER5L"
"IFFO2"
"IFI27"
"IFI27L1"
"IFNGR2"
"IFRD1"
"IFRD2"
"IFT122"
"IFT20"
"IGBP1"
"IGDCC3"
"IGDCC4"
"IGF2BP2"
"IGF2R"
"IGFALS"
"IGFBP2"
"IGFBP3"
"IGFBP4"
"IGFBP5"
"IGFBPL1"
"IGHMBP2"
"IGSF10"
"IGSF1"
"IGSF21"
"IGSF22"
"IGSF3"
"IGSF8"
"IGSF9B"
"IK"
"IKBIP"
"IKBKE"
"IKBKG"
"IKZF1"
"IKZF2"
"IKZF4"
"IL13RA1"
"IL16"
"IL17RC"
"IL17RD"
"IL17RE"
"IL1RAP"
"IL20RA"
"IL22RA1"
"IL28RA"
"IL2RB"
"IL2RG"
"IL32"
"IL33"
"IL3RA"
"IL6"
"IL6R"
"IL7R"
"ILDR1"
"ILK"
"ILKAP"
"ILVBL"
"IMMT"
"IMP3"
"IMP4"
"IMPAD1"
"IMPDH1"
"IMPDH2"
"INCA1"
"INE2"
"INF2"
"ING2"
"ING4"
"INMT"
"INO80B"
"INO80C"
"INO80E"
"INPP1"
"INPP4A"
"INPP5A"
"INPP5B"
"INPP5E"
"INPP5F"
"INPP5J"
"INPP5K"
"INPPL1"
"INSR"
"INTS1"
"INTS8"
"INTS9"
"IP6K2"
"IPCEF1"
"IPO11"
"IPO13"
"IPO4"
"IQCC"
"IQCD"
"IQCK"
"IQGAP3"
"IQSEC1"
"IQSEC2"
"IQSEC3"
"IRAK2"
"IRF2"
"IRF2BP1"
"IRF3"
"IRF5"
"IRF8"
"IRGQ"
"ISCA2"
"ISCU"
"ISG15"
"ISLR2"
"ISOC1"
"ISOC2"
"ISPD"
"ISYNA1"
"ITFG2"
"ITFG3"
"ITGA10"
"ITGA1"
"ITGA2"
"ITGA3"
"ITGA5"
"ITGA6"
"ITGA7"
"ITGAL"
"ITGB1"
"ITGB1BP1"
"ITGB4"
"ITGB5"
"ITGB8"
"ITGBL1"
"ITK"
"ITM2B"
"ITM2C"
"ITPA"
"ITPK1"
"ITPKB"
"ITPR2"
"ITPR3"
"ITPRIP"
"IVNS1ABP"
"IWS1"
"JAG1"
"JAG2"
"JAGN1"
"JAK2"
"JAM3"
"JARID2"
"JAZF1"
"JDP2"
"JMJD4"
"JMJD5"
"JMJD7-PLA2G4B"
"JMJD8"
"JOSD2"
"JPH1"
"JPH2"
"JTB"
"JUN"
"KAL1"
"KALRN"
"KANK3"
"KANK4"
"KARS"
"KAT2A"
"KAT2B"
"KBTBD2"
"KBTBD8"
"KCMF1"
"KCNAB1"
"KCNC3"
"KCNC4"
"KCNE3"
"KCNE4"
"KCNH3"
"KCNIP4"
"KCNJ10"
"KCNJ11"
"KCNJ16"
"KCNJ2"
"KCNJ8"
"KCNK1"
"KCNK15"
"KCNK16"
"KCNK17"
"KCNK3"
"KCNK5"
"KCNMB1"
"KCNN3"
"KCNS3"
"KCNT2"
"KCNV1"
"KCP"
"KCTD1"
"KCTD13"
"KCTD14"
"KCTD15"
"KCTD16"
"KCTD5"
"KCTD9"
"KDELR1"
"KDELR3"
"KDM1A"
"KDM4A"
"KDM5C"
"KDR"
"KEAP1"
"KHDC1"
"KHDRBS2"
"KHK"
"KIAA0100"
"KIAA0101"
"KIAA0141"
"KIAA0174"
"KIAA0182"
"KIAA0195"
"KIAA0226"
"KIAA0284"
"KIAA0319L"
"KIAA0355"
"KIAA0391"
"KIAA0408"
"KIAA0415"
"KIAA0427"
"KIAA0664"
"KIAA0748"
"KIAA0754"
"KIAA1012"
"KIAA1033"
"KIAA1191"
"KIAA1244"
"KIAA1257"
"KIAA1279"
"KIAA1370"
"KIAA1409"
"KIAA1462"
"KIAA1522"
"KIAA1539"
"KIAA1543"
"KIAA1549"
"KIAA1683"
"KIAA1737"
"KIAA1804"
"KIAA1841"
"KIAA1984"
"KIAA2013"
"KIF12"
"KIF13B"
"KIF15"
"KIF1A"
"KIF1C"
"KIF20A"
"KIF21B"
"KIF22"
"KIF3A"
"KIF5A"
"KIF5B"
"KIF5C"
"KIF7"
"KIFC2"
"KIFC3"
"KITLG"
"KL"
"KLC1"
"KLC2"
"KLC3"
"KLC4"
"KLF4"
"KLF6"
"KLHDC2"
"KLHDC3"
"KLHDC4"
"KLHDC7A"
"KLHDC8A"
"KLHDC8B"
"KLHDC9"
"KLHL17"
"KLHL2"
"KLHL21"
"KLHL23"
"KLHL25"
"KLHL26"
"KLHL30"
"KLHL32"
"KLHL36"
"KLHL5"
"KLHL6"
"KLHL7"
"KLK10"
"KLK13"
"KLK2"
"KLRB1"
"KLRF1"
"KLRG1"
"KLRK1"
"KNDC1"
"KNTC1"
"KPNA1"
"KPNA2"
"KPNA6"
"KPNB1"
"KPTN"
"KRBA1"
"KRI1"
"KRT10"
"KRT15"
"KRT17"
"KRT222"
"KRT27"
"KRT78"
"KRT80"
"KRTCAP2"
"KRTCAP3"
"KTI12"
"KY"
"LACE1"
"LACTB2"
"LAD1"
"LAGE3"
"LAMA2"
"LAMA4"
"LAMA5"
"LAMB1"
"LAMB2"
"LAMC1"
"LAMC2"
"LAMC3"
"LAMP1"
"LAMP2"
"LAMP3"
"LANCL2"
"LARS2"
"LAS1L"
"LASP1"
"LASS1"
"LASS2"
"LASS4"
"LASS5"
"LASS6"
"LAYN"
"LBH"
"LBR"
"LCK"
"LCLAT1"
"LCMT1"
"LCN12"
"LCN2"
"LDB1"
"LDB2"
"LDHB"
"LDHD"
"LDLR"
"LDLRAD3"
"LDLRAP1"
"LDOC1"
"LEF1"
"LEMD1"
"LEMD2"
"LENG1"
"LEO1"
"LEPR"
"LEPRE1"
"LEPREL1"
"LEPREL2"
"LEPROTL1"
"LETM1"
"LETMD1"
"LGALS1"
"LGALS3"
"LGALS3BP"
"LGI3"
"LGI4"
"LGTN"
"LHFPL2"
"LHPP"
"LHX6"
"LIFR"
"LIG1"
"LIMK1"
"LIMS2"
"LIN37"
"LIN54"
"LIN7B"
"LIN9"
"LINGO1"
"LIPE"
"LIPH"
"LLGL2"
"LLPH"
"LMAN2"
"LMBR1"
"LMBR1L"
"LMF1"
"LMNB2"
"LMO2"
"LMO3"
"LMO4"
"LMOD1"
"LMTK3"
"LNX1"
"LOC100128288"
"LOC100128788"
"LOC100128822"
"LOC100129034"
"LOC100129637"
"LOC100130015"
"LOC100130238"
"LOC100130776"
"LOC100130932"
"LOC100131551"
"LOC100132287"
"LOC100132288"
"LOC100132354"
"LOC100133161"
"LOC100133991"
"LOC100134229"
"LOC100134713"
"LOC100170939"
"LOC100270746"
"LOC100272146"
"LOC100286793"
"LOC100288778"
"LOC100289341"
"LOC113230"
"LOC115110"
"LOC143666"
"LOC146880"
"LOC148413"
"LOC150197"
"LOC150381"
"LOC151009"
"LOC151534"
"LOC152217"
"LOC154761"
"LOC158376"
"LOC202781"
"LOC220594"
"LOC222699"
"LOC25845"
"LOC282997"
"LOC283174"
"LOC284233"
"LOC285074"
"LOC286002"
"LOC338651"
"LOC338758"
"LOC338799"
"LOC339524"
"LOC341056"
"LOC348926"
"LOC349114"
"LOC387647"
"LOC388152"
"LOC388588"
"LOC388692"
"LOC388789"
"LOC388796"
"LOC388955"
"LOC389332"
"LOC389333"
"LOC400043"
"LOC401010"
"LOC401052"
"LOC401093"
"LOC401397"
"LOC407835"
"LOC440957"
"LOC441089"
"LOC441204"
"LOC441869"
"LOC442454"
"LOC493754"
"LOC541471"
"LOC550112"
"LOC550643"
"LOC642846"
"LOC643008"
"LOC643837"
"LOC644165"
"LOC644538"
"LOC645166"
"LOC645431"
"LOC646762"
"LOC647121"
"LOC653653"
"LOC654342"
"LOC678655"
"LOC728264"
"LOC728392"
"LOC728554"
"LOC728606"
"LOC728758"
"LOC728855"
"LOC728875"
"LOC729603"
"LOC729991-MEF2B"
"LOC80154"
"LOC81691"
"LOC90110"
"LOC90246"
"LOC90784"
"LOC91316"
"LOC92659"
"LOC92973"
"LOC93622"
"LONP1"
"LONP2"
"LONRF2"
"LONRF3"
"LOX"
"LOXL2"
"LPAR1"
"LPAR5"
"LPAR6"
"LPCAT1"
"LPCAT3"
"LPCAT4"
"LPHN1"
"LPPR2"
"LPPR4"
"LQK1"
"LRBA"
"LRCH4"
"LRDD"
"LRFN1"
"LRFN3"
"LRG1"
"LRIG1"
"LRP11"
"LRP1"
"LRP1B"
"LRP4"
"LRP5L"
"LRPAP1"
"LRRC15"
"LRRC17"
"LRRC20"
"LRRC23"
"LRRC24"
"LRRC27"
"LRRC28"
"LRRC29"
"LRRC32"
"LRRC33"
"LRRC37B"
"LRRC37B2"
"LRRC39"
"LRRC41"
"LRRC45"
"LRRC4"
"LRRC46"
"LRRC47"
"LRRC4B"
"LRRC56"
"LRRC57"
"LRRC59"
"LRRC61"
"LRRC70"
"LRRC7"
"LRRC8A"
"LRRC8C"
"LRRC8E"
"LRRIQ1"
"LRRK2"
"LRRN2"
"LRSAM1"
"LRWD1"
"LSM10"
"LSM12"
"LSM1"
"LSM14B"
"LSM2"
"LSM4"
"LSM7"
"LSMD1"
"LSP1"
"LSR"
"LTA4H"
"LTB"
"LTBP2"
"LTBR"
"LTF"
"LUC7L"
"LUM"
"LUZP1"
"LXN"
"LY6G5C"
"LY75"
"LY9"
"LYN"
"LYPD5"
"LYPLA1"
"LYPLA2"
"LYPLA2P1"
"LYPLAL1"
"LYRM1"
"LYRM4"
"LYRM5"
"LYSMD2"
"LYSMD4"
"LYVE1"
"LZTS1"
"LZTS2"
"MAB21L2"
"MACROD1"
"MACROD2"
"MAD1L1"
"MAD2L1"
"MAD2L2"
"MAEA"
"MAF1"
"MAFB"
"MAFF"
"MAFK"
"MAGED2"
"MAGEF1"
"MAGI3"
"MAGIX"
"MAL"
"MALAT1"
"MALL"
"MAMDC2"
"MAMDC4"
"MAML2"
"MAML3"
"MAMLD1"
"MAN1A1"
"MAN1B1"
"MAN2A2"
"MAN2C1"
"MANBA"
"MANBAL"
"MANEAL"
"MANSC1"
"MAOA"
"MAP1B"
"MAP1LC3B2"
"MAP1LC3B"
"MAP1S"
"MAP2K1"
"MAP2K2"
"MAP2K3"
"MAP2K4"
"MAP2K7"
"MAP3K11"
"MAP3K12"
"MAP3K1"
"MAP3K6"
"MAP3K8"
"MAP4"
"MAP4K1"
"MAP4K4"
"MAP7D2"
"MAPK10"
"MAPK11"
"MAPK12"
"MAPK13"
"MAPK14"
"MAPK1"
"MAPK3"
"MAPK4"
"MAPK7"
"MAPK8IP2"
"MAPK8IP3"
"MAPK9"
"MAPKAPK2"
"MAPKAPK3"
"MAPKAPK5"
"MAPRE1"
"MAPRE3"
"MAPT"
"MARCH2"
"MARCH3"
"MARCH9"
"MARCKS"
"MARCKSL1"
"MARK2"
"MARK3"
"MARK4"
"MARS"
"MARVELD2"
"MARVELD3"
"MAST2"
"MAST3"
"MATN2"
"MATN3"
"MAVS"
"MAX"
"MAZ"
"MBD3"
"MBIP"
"MBLAC1"
"MBOAT1"
"MBOAT7"
"MBTPS2"
"MCAM"
"MCAT"
"MCC"
"MCCC2"
"MCF2L"
"MCM10"
"MCM2"
"MCM3"
"MCM4"
"MCM6"
"MCM7"
"MCOLN1"
"MCOLN3"
"MCRS1"
"MCTP1"
"MCTP2"
"MCTS1"
"MDFI"
"MDH1"
"MDH2"
"MDK"
"MDM2"
"MDN1"
"MDP1"
"MDS2"
"ME1"
"ME2"
"ME3"
"MEA1"
"MEAF6"
"MECOM"
"MECR"
"MED10"
"MED11"
"MED12L"
"MED13"
"MED15"
"MED16"
"MED17"
"MED20"
"MED24"
"MED25"
"MED26"
"MED27"
"MED28"
"MED29"
"MED31"
"MED8"
"MED9"
"MEF2C"
"MEGF6"
"MEGF8"
"MEGF9"
"MEIS1"
"MEIS2"
"MEMO1"
"MEN1"
"MEOX2"
"MEPCE"
"MERTK"
"MESDC1"
"MESDC2"
"MESP1"
"MEST"
"MET"
"METAP2"
"METRN"
"METRNL"
"METT11D1"
"METTL11A"
"METTL12"
"METTL5"
"METTL6"
"METTL7B"
"METTL9"
"MEX3A"
"MEX3B"
"MEX3D"
"MFAP2"
"MFAP4"
"MFAP5"
"MFF"
"MFGE8"
"MFN2"
"MFRP"
"MFSD10"
"MFSD11"
"MFSD3"
"MFSD4"
"MFSD5"
"MFSD6"
"MGAT2"
"MGAT4B"
"MGC12982"
"MGC16121"
"MGC21881"
"MGC23284"
"MGC2752"
"MGC42105"
"MGC72080"
"MGEA5"
"MGLL"
"MGMT"
"MGP"
"MGRN1"
"MGST1"
"MGST2"
"MGST3"
"MIB2"
"MICAL3"
"MICALL2"
"MID1IP1"
"MIER2"
"MIF"
"MIF4GD"
"MIIP"
"MINK1"
"MINPP1"
"MIPEP"
"MIR17HG"
"MITF"
"MKNK1"
"MKNK2"
"MKRN1"
"MKX"
"MLEC"
"MLF1"
"MLF1IP"
"MLF2"
"MLKL"
"MLLT11"
"MLST8"
"MLX"
"MLXIPL"
"MMAB"
"MMACHC"
"MMD"
"MMEL1"
"MMP11"
"MMP1"
"MMP14"
"MMP15"
"MMP24"
"MMRN1"
"MMRN2"
"MMS19"
"MN1"
"MNAT1"
"MNT"
"MOAP1"
"MOB2"
"MOBKL2A"
"MOCOS"
"MOCS1"
"MOCS2"
"MOGS"
"MON1A"
"MORN4"
"MOSPD1"
"MOSPD3"
"MOV10"
"MPDU1"
"MPG"
"MPHOSPH6"
"MPI"
"MPL"
"MPND"
"MPP3"
"MPP7"
"MPPE1"
"MPPED2"
"MPRIP"
"MPST"
"MPV17"
"MPV17L2"
"MPZL2"
"MR1"
"MRC1"
"MRC2"
"MREG"
"MRFAP1"
"MRFAP1L1"
"MRGPRE"
"MRGPRF"
"MRM1"
"MRP63"
"MRPL10"
"MRPL12"
"MRPL13"
"MRPL14"
"MRPL15"
"MRPL1"
"MRPL16"
"MRPL17"
"MRPL18"
"MRPL19"
"MRPL20"
"MRPL21"
"MRPL22"
"MRPL23"
"MRPL24"
"MRPL2"
"MRPL27"
"MRPL28"
"MRPL3"
"MRPL32"
"MRPL34"
"MRPL35"
"MRPL36"
"MRPL37"
"MRPL38"
"MRPL40"
"MRPL41"
"MRPL42"
"MRPL43"
"MRPL44"
"MRPL4"
"MRPL45"
"MRPL46"
"MRPL47"
"MRPL48"
"MRPL51"
"MRPL52"
"MRPL53"
"MRPL54"
"MRPL55"
"MRPL9"
"MRPS10"
"MRPS11"
"MRPS12"
"MRPS15"
"MRPS16"
"MRPS17"
"MRPS18A"
"MRPS18B"
"MRPS21"
"MRPS22"
"MRPS23"
"MRPS24"
"MRPS25"
"MRPS26"
"MRPS27"
"MRPS28"
"MRPS33"
"MRPS34"
"MRPS35"
"MRPS36"
"MRPS5"
"MRPS7"
"MRPS9"
"MRRF"
"MRTO4"
"MRVI1"
"MS4A1"
"MSC"
"MSH5"
"MSI1"
"MSL1"
"MSL3L2"
"MSN"
"MSRA"
"MSRB2"
"MST1P9"
"MST4"
"MSTO1"
"MT1E"
"MT1F"
"MT1G"
"MT1H"
"MT2A"
"MTA1"
"MTA2"
"MTA3"
"MTCH2"
"MTCP1NB"
"MTERFD1"
"MTFMT"
"MTG1"
"MTHFD1"
"MTHFD1L"
"MTHFR"
"MTHFS"
"MTIF2"
"MTIF3"
"MTM1"
"MTMR11"
"MTMR14"
"MTMR1"
"MTMR2"
"MTMR7"
"MTMR9L"
"MTP18"
"MTPAP"
"MTSS1"
"MTSS1L"
"MTUS1"
"MTUS2"
"MTX1"
"MTX2"
"MUC21"
"MUDENG"
"MUS81"
"MUSTN1"
"MVD"
"MVK"
"MVP"
"MXD3"
"MXD4"
"MXRA7"
"MXRA8"
"MYADM"
"MYBBP1A"
"MYBL1"
"MYC"
"MYCBP"
"MYCT1"
"MYD88"
"MYEF2"
"MYEOV2"
"MYH10"
"MYH11"
"MYH14"
"MYH7B"
"MYL12A"
"MYL12B"
"MYL6B"
"MYL9"
"MYO19"
"MYO1B"
"MYO1C"
"MYO1E"
"MYO3A"
"MYO3B"
"MYO5B"
"MYO6"
"MYO7A"
"MYO9A"
"MYO9B"
"MYOM2"
"MYOM3"
"MYPOP"
"MYRIP"
"MYST1"
"MYST2"
"MYT1"
"MZF1"
"N4BP2"
"N4BP3"
"N6AMT2"
"NAA10"
"NAA20"
"NAB2"
"NACA2"
"NACA"
"NACAP1"
"NACC1"
"NADK"
"NADSYN1"
"NAE1"
"NAGA"
"NAGK"
"NAGLU"
"NAGPA"
"NAIF1"
"NALCN"
"NANOS1"
"NANS"
"NAP1L4"
"NAP1L6"
"NAPA"
"NAPRT1"
"NARF"
"NARFL"
"NARS"
"NASP"
"NAT14"
"NAT15"
"NAT6"
"NAT8L"
"NAT9"
"NAV2"
"NBAS"
"NBEA"
"NBEAL1"
"NBL1"
"NBPF10"
"NBPF14"
"NBR1"
"NBR2"
"NCALD"
"NCBP2"
"NCDN"
"NCF1"
"NCK2"
"NCKAP1"
"NCKAP5L"
"NCKIPSD"
"NCLN"
"NCOA6"
"NCOR2"
"NCRNA00085"
"NCRNA00086"
"NCRNA00087"
"NCRNA00092"
"NCRNA00094"
"NCRNA00095"
"NCRNA00105"
"NCRNA00115"
"NCRNA00116"
"NCRNA00152"
"NCRNA00174"
"NCRNA00176"
"NCRNA00181"
"NCRNA00183"
"NCRNA00188"
"NCRNA00219"
"NCS1"
"NCSTN"
"NDFIP1"
"NDN"
"NDOR1"
"NDP"
"NDRG1"
"NDRG3"
"NDUFA10"
"NDUFA11"
"NDUFA12"
"NDUFA13"
"NDUFA1"
"NDUFA2"
"NDUFA3"
"NDUFA4"
"NDUFA4L2"
"NDUFA5"
"NDUFA6"
"NDUFA7"
"NDUFA8"
"NDUFA9"
"NDUFAB1"
"NDUFAF1"
"NDUFAF2"
"NDUFAF3"
"NDUFB10"
"NDUFB11"
"NDUFB1"
"NDUFB2"
"NDUFB3"
"NDUFB4"
"NDUFB5"
"NDUFB6"
"NDUFB7"
"NDUFB8"
"NDUFB9"
"NDUFC1"
"NDUFC2"
"NDUFS2"
"NDUFS3"
"NDUFS4"
"NDUFS5"
"NDUFS6"
"NDUFS7"
"NDUFS8"
"NDUFV1"
"NDUFV2"
"NDUFV3"
"NECAB1"
"NECAB3"
"NECAP2"
"NEDD4"
"NEDD8"
"NEIL1"
"NEK6"
"NES"
"NETO2"
"NEU1"
"NEURL1B"
"NF2"
"NFAM1"
"NFATC1"
"NFATC2"
"NFATC4"
"NFE2"
"NFE2L3"
"NFIB"
"NFKBIB"
"NFKBIL1"
"NFS1"
"NFU1"
"NFYC"
"NGEF"
"NGRN"
"NHEJ1"
"NHLRC1"
"NHLRC4"
"NHP2"
"NHP2L1"
"NHSL1"
"NHSL2"
"NID1"
"NID2"
"NINJ1"
"NIP7"
"NIPA1"
"NIPA2"
"NIPAL3"
"NIPSNAP1"
"NIPSNAP3A"
"NIPSNAP3B"
"NIT1"
"NIT2"
"NKAIN4"
"NKAP"
"NKIRAS2"
"NKPD1"
"NKRF"
"NKX2-1"
"NLK"
"NLRX1"
"NMB"
"NME1"
"NME1-NME2"
"NME2"
"NME2P1"
"NME3"
"NME4"
"NME5"
"NME6"
"NMNAT3"
"NMRAL1"
"NMT1"
"NMU"
"NNMT"
"NNT"
"NOB1"
"NOC2L"
"NOC3L"
"NOC4L"
"NOD1"
"NOL10"
"NOL12"
"NOL3"
"NOL4"
"NOL7"
"NOMO1"
"NOMO2"
"NOMO3"
"NONO"
"NOP10"
"NOP14"
"NOP16"
"NOP2"
"NOP56"
"NOS1AP"
"NOS2"
"NOS3"
"NOSIP"
"NOSTRIN"
"NOTCH1"
"NOTCH3"
"NOTCH4"
"NOV"
"NOVA1"
"NOVA2"
"NOX4"
"NOX5"
"NPAS2"
"NPC1"
"NPC2"
"NPDC1"
"NPEPL1"
"NPEPPS"
"NPFFR2"
"NPIPL3"
"NPLOC4"
"NPM1"
"NPM2"
"NPNT"
"NPR1"
"NPRL2"
"NPRL3"
"NPTX2"
"NPTXR"
"NPW"
"NPY1R"
"NQO1"
"NQO2"
"NR1D1"
"NR1H2"
"NR2C2AP"
"NR2F6"
"NR4A1"
"NR4A3"
"NRARP"
"NRBP1"
"NRBP2"
"NRCAM"
"NRD1"
"NRGN"
"NRIP1"
"NRL"
"NRM"
"NRP1"
"NRP2"
"NRSN1"
"NRSN2"
"NRXN2"
"NSDHL"
"NSF"
"NSFL1C"
"NSMAF"
"NSMCE1"
"NSMCE2"
"NSUN2"
"NSUN5"
"NSUN5P1"
"NSUN5P2"
"NSUN7"
"NT5C3"
"NT5C3L"
"NT5DC1"
"NT5DC2"
"NT5DC3"
"NT5M"
"NTF4"
"NTHL1"
"NTM"
"NTN5"
"NTNG2"
"NTRK3"
"NUAK1"
"NUAK2"
"NUB1"
"NUBP1"
"NUBP2"
"NUCB1"
"NUCB2"
"NUDC"
"NUDCD2"
"NUDCD3"
"NUDT12"
"NUDT14"
"NUDT1"
"NUDT16L1"
"NUDT17"
"NUDT18"
"NUDT19"
"NUDT22"
"NUDT2"
"NUDT3"
"NUDT5"
"NUDT8"
"NUDT9"
"NUMA1"
"NUMB"
"NUP188"
"NUP43"
"NUP85"
"NUP93"
"NUPL2"
"NUTF2"
"NVL"
"NXF1"
"NXPH4"
"NYNRIN"
"OAS2"
"OAZ1"
"OAZ2"
"OAZ3"
"OBFC1"
"OBFC2A"
"OBFC2B"
"OCA2"
"OCEL1"
"OCIAD1"
"OCIAD2"
"ODAM"
"ODF2"
"ODF3L1"
"ODZ1"
"ODZ3"
"ODZ4"
"OFD1"
"OGFOD1"
"OGFOD2"
"OGFR"
"OGG1"
"OGN"
"OIT3"
"OLA1"
"OLAH"
"OLFM1"
"OLFML1"
"OLFML2B"
"OMA1"
"OMD"
"OPA3"
"OPLAH"
"OPRL1"
"OR51E1"
"ORAI1"
"ORAI2"
"ORAI3"
"ORC5L"
"ORC6L"
"ORM1"
"ORMDL1"
"ORMDL2"
"ORMDL3"
"OS9"
"OSBP2"
"OSBPL10"
"OSBPL3"
"OSBPL5"
"OSBPL7"
"OSGEP"
"OSMR"
"OST4"
"OSTC"
"OSTF1"
"OSTM1"
"OTUB1"
"OTUB2"
"OTUD1"
"OTUD5"
"OVCA2"
"OVOL2"
"OXA1L"
"OXNAD1"
"OXSM"
"OXTR"
"P2RX4"
"P2RX5"
"P2RY8"
"P4HA1"
"P4HA2"
"P4HB"
"P4HTM"
"PA2G4"
"PA2G4P4"
"PAAF1"
"PABPC1"
"PABPC4"
"PABPC4L"
"PABPN1"
"PACS2"
"PACSIN1"
"PAF1"
"PAFAH1B3"
"PAFAH2"
"PAIP1"
"PAIP2B"
"PAK1"
"PAK2"
"PAK3"
"PAK4"
"PAK6"
"PALM2-AKAP2"
"PALM"
"PALMD"
"PANK2"
"PANK4"
"PANX1"
"PANX2"
"PAOX"
"PAPSS1"
"PAPSS2"
"PAQR4"
"PAQR6"
"PAQR7"
"PAR5"
"PARK7"
"PARL"
"PARN"
"PARP10"
"PARP1"
"PARP12"
"PARP14"
"PARP4"
"PARP9"
"PARS2"
"PARVB"
"PASK"
"PAX9"
"PBK"
"PBX3"
"PBX4"
"PBXIP1"
"PC"
"PCBD1"
"PCBP1"
"PCBP2"
"PCBP4"
"PCCB"
"PCDH12"
"PCDH1"
"PCDH17"
"PCDH20"
"PCDH7"
"PCDH8"
"PCDHA11"
"PCDHA13"
"PCDHA1"
"PCDHA3"
"PCDHA4"
"PCDHA6"
"PCDHAC2"
"PCDHB13"
"PCDHB14"
"PCDHB2"
"PCDHB7"
"PCDHGA10"
"PCDHGA11"
"PCDHGA2"
"PCDHGA4"
"PCDHGA7"
"PCDHGA8"
"PCDHGB4"
"PCDHGB5"
"PCDHGC3"
"PCGF1"
"PCGF2"
"PCGF3"
"PCK2"
"PCMT1"
"PCMTD2"
"PCNA"
"PCNXL2"
"PCNXL3"
"PCOLCE2"
"PCOTH"
"PCP2"
"PCP4"
"PCP4L1"
"PCSK1N"
"PCSK2"
"PCSK5"
"PCSK6"
"PCSK7"
"PCTP"
"PCYOX1L"
"PCYT2"
"PDAP1"
"PDCD1LG2"
"PDCD2"
"PDCD2L"
"PDCD4"
"PDCD5"
"PDCD6"
"PDCL3"
"PDDC1"
"PDE1B"
"PDE1C"
"PDE2A"
"PDE4A"
"PDE4C"
"PDE6D"
"PDE7A"
"PDE7B"
"PDE8B"
"PDE9A"
"PDF"
"PDGFA"
"PDGFB"
"PDGFC"
"PDGFD"
"PDGFRA"
"PDGFRB"
"PDHA1"
"PDHB"
"PDHX"
"PDIA3"
"PDIA3P"
"PDIA4"
"PDIA6"
"PDIK1L"
"PDK2"
"PDK4"
"PDLIM1"
"PDLIM2"
"PDLIM3"
"PDLIM4"
"PDLIM7"
"PDPN"
"PDRG1"
"PDSS2"
"PDXDC1"
"PDXP"
"PDZD11"
"PDZD2"
"PDZD7"
"PDZK1IP1"
"PEA15"
"PEBP4"
"PECAM1"
"PECI"
"PECR"
"PEF1"
"PELI2"
"PELI3"
"PELP1"
"PEMT"
"PER3"
"PERP"
"PET112L"
"PEX10"
"PEX11B"
"PEX11G"
"PEX14"
"PEX16"
"PEX19"
"PEX6"
"PFDN1"
"PFDN2"
"PFDN4"
"PFDN5"
"PFDN6"
"PFKFB4"
"PFKL"
"PFKM"
"PFKP"
"PFN1"
"PGAM1"
"PGAM2"
"PGAM5"
"PGAP2"
"PGAP3"
"PGBD5"
"PGLS"
"PGM2L1"
"PGM5"
"PGP"
"PGPEP1"
"PGS1"
"PHB2"
"PHB"
"PHC2"
"PHEX"
"PHF12"
"PHF13"
"PHF1"
"PHF16"
"PHF21A"
"PHF23"
"PHF7"
"PHGDH"
"PHKA1"
"PHKB"
"PHKG2"
"PHLDA1"
"PHLDA2"
"PHLDA3"
"PHLDB1"
"PHLDB3"
"PHLPP1"
"PHPT1"
"PHTF1"
"PHYHD1"
"PHYHIP"
"PI16"
"PI4K2A"
"PI4K2B"
"PI4KA"
"PIAS3"
"PIAS4"
"PIBF1"
"PICK1"
"PID1"
"PIGB"
"PIGC"
"PIGF"
"PIGG"
"PIGH"
"PIGL"
"PIGO"
"PIGP"
"PIGQ"
"PIGS"
"PIGT"
"PIGU"
"PIGV"
"PIGX"
"PIGZ"
"PIH1D1"
"PIK3C2B"
"PIK3CD"
"PIK3IP1"
"PIK3R2"
"PIK3R3"
"PIN1"
"PIN4"
"PINK1"
"PIP4K2B"
"PIP4K2C"
"PIP5K1C"
"PIP5KL1"
"PIPSL"
"PITPNC1"
"PITPNM1"
"PIWIL1"
"PIWIL4"
"PKD1L1"
"PKHD1L1"
"PKIA"
"PKIG"
"PKM2"
"PKMYT1"
"PKN1"
"PKN3"
"PKP3"
"PKP4"
"PLA2G12A"
"PLA2G12B"
"PLA2G15"
"PLA2G16"
"PLA2G2D"
"PLA2G3"
"PLA2G4A"
"PLA2G7"
"PLA2R1"
"PLAG1"
"PLAGL1"
"PLAT"
"PLAU"
"PLB1"
"PLCB1"
"PLCB3"
"PLCB4"
"PLCD1"
"PLCD3"
"PLCD4"
"PLCE1"
"PLCG1"
"PLCH1"
"PLD1"
"PLD2"
"PLD3"
"PLD6"
"PLEC"
"PLEK2"
"PLEK"
"PLEKHA3"
"PLEKHA6"
"PLEKHA9"
"PLEKHB1"
"PLEKHB2"
"PLEKHF1"
"PLEKHG1"
"PLEKHG2"
"PLEKHG4"
"PLEKHG4B"
"PLEKHG5"
"PLEKHH2"
"PLEKHH3"
"PLEKHM1"
"PLEKHM1P"
"PLEKHM2"
"PLEKHN1"
"PLEKHO2"
"PLIN2"
"PLIN3"
"PLK2"
"PLK3"
"PLOD1"
"PLOD2"
"PLOD3"
"PLP2"
"PLSCR3"
"PLSCR4"
"PLVAP"
"PLXDC1"
"PLXNA1"
"PLXNA2"
"PLXNA3"
"PLXNA4"
"PLXNB1"
"PLXNB2"
"PLXNB3"
"PLXND1"
"PMAIP1"
"PMEPA1"
"PMF1"
"PML"
"PMM1"
"PMM2"
"PMPCA"
"PMPCB"
"PMS2L1"
"PMS2L3"
"PMS2L5"
"PMVK"
"PNKD"
"PNKP"
"PNMA1"
"PNMA2"
"PNMA6A"
"PNMAL1"
"PNMAL2"
"PNMT"
"PNP"
"PNPLA2"
"PNPO"
"POC1A"
"POC5"
"PODN"
"PODXL2"
"PODXL"
"POLA2"
"POLB"
"POLD1"
"POLD2"
"POLD4"
"POLDIP2"
"POLE2"
"POLE3"
"POLE"
"POLH"
"POLL"
"POLR1C"
"POLR1D"
"POLR2A"
"POLR2C"
"POLR2E"
"POLR2G"
"POLR2H"
"POLR2I"
"POLR2J"
"POLR2K"
"POLR2L"
"POLR3B"
"POLR3D"
"POLR3K"
"POLRMT"
"POMP"
"POMT1"
"POMT2"
"PON2"
"POP4"
"POP5"
"POP7"
"POPDC2"
"POPDC3"
"PORCN"
"POSTN"
"POU2AF1"
"POU2F1"
"POU2F2"
"POU2F3"
"POU5F1B"
"PPA2"
"PPAN"
"PPAP2A"
"PPAP2B"
"PPAP2C"
"PPAPDC1B"
"PPARD"
"PPCDC"
"PPCS"
"PPDPF"
"PPFIA1"
"PPFIA3"
"PPFIA4"
"PPHLN1"
"PPIA"
"PPIAL4C"
"PPIB"
"PPIC"
"PPID"
"PPIE"
"PPIF"
"PPIL3"
"PPIL5"
"PPIP5K1"
"PPM1G"
"PPM1H"
"PPM1J"
"PPME1"
"PPOX"
"PPP1CA"
"PPP1CB"
"PPP1R13L"
"PPP1R14A"
"PPP1R14B"
"PPP1R15A"
"PPP1R16A"
"PPP1R16B"
"PPP1R1C"
"PPP1R2"
"PPP1R2P3"
"PPP1R3B"
"PPP1R3C"
"PPP1R3D"
"PPP1R3F"
"PPP1R3G"
"PPP1R7"
"PPP1R9B"
"PPP2CA"
"PPP2R1A"
"PPP2R2A"
"PPP2R2D"
"PPP2R3B"
"PPP2R3C"
"PPP2R4"
"PPP2R5A"
"PPP2R5B"
"PPP2R5D"
"PPP3CA"
"PPP3CB"
"PPP3CC"
"PPP3R1"
"PPP4C"
"PPP4R1"
"PPP5C"
"PPPDE2"
"PPT1"
"PQBP1"
"PQLC2"
"PQLC3"
"PRAF2"
"PRC1"
"PRDM1"
"PRDX2"
"PRDX3"
"PRDX4"
"PRDX5"
"PRDXDD1P"
"PREB"
"PRELID1"
"PRELP"
"PREP"
"PREX1"
"PRH1"
"PRICKLE3"
"PRICKLE4"
"PRKAB1"
"PRKACA"
"PRKACB"
"PRKAG1"
"PRKAR1A"
"PRKAR1B"
"PRKAR2B"
"PRKCD"
"PRKCDBP"
"PRKCH"
"PRKCQ"
"PRKCSH"
"PRKCZ"
"PRKD2"
"PRKRA"
"PRKRIP1"
"PRKX"
"PRMT1"
"PRMT7"
"PRMT8"
"PROCR"
"PROM1"
"PROM2"
"PROS1"
"PROSC"
"PROX1"
"PRPF19"
"PRPF31"
"PRPF6"
"PRPH"
"PRPSAP2"
"PRR12"
"PRR13"
"PRR14"
"PRR15"
"PRR19"
"PRR22"
"PRR24"
"PRR3"
"PRR4"
"PRR5"
"PRR5-ARHGAP8"
"PRR7"
"PRRG2"
"PRRG4"
"PRRT2"
"PRRT3"
"PRRX1"
"PRSS22"
"PRSS23"
"PRSS27"
"PRSS36"
"PRSS50"
"PRSS53"
"PRSS8"
"PRTFDC1"
"PRTG"
"PSAP"
"PSAT1"
"PSD3"
"PSD4"
"PSD"
"PSEN1"
"PSEN2"
"PSENEN"
"PSMA1"
"PSMA2"
"PSMA3"
"PSMA4"
"PSMA5"
"PSMA6"
"PSMA7"
"PSMB1"
"PSMB2"
"PSMB3"
"PSMB4"
"PSMB5"
"PSMB6"
"PSMB7"
"PSMC1"
"PSMC2"
"PSMC3"
"PSMC3IP"
"PSMC4"
"PSMC5"
"PSMC6"
"PSMD10"
"PSMD11"
"PSMD12"
"PSMD13"
"PSMD14"
"PSMD1"
"PSMD2"
"PSMD3"
"PSMD4"
"PSMD6"
"PSMD7"
"PSMD8"
"PSMD9"
"PSME2"
"PSMF1"
"PSMG1"
"PSMG2"
"PSMG3"
"PSMG4"
"PSPH"
"PSRC1"
"PSTPIP1"
"PTBP1"
"PTCD1"
"PTCH2"
"PTDSS1"
"PTDSS2"
"PTGER3"
"PTGES2"
"PTGFRN"
"PTGIR"
"PTGIS"
"PTGR1"
"PTGR2"
"PTGS2"
"PTK2"
"PTK2B"
"PTK7"
"PTMA"
"PTMS"
"PTN"
"PTOV1"
"PTP4A3"
"PTPLA"
"PTPLAD1"
"PTPMT1"
"PTPN12"
"PTPN22"
"PTPN23"
"PTPN2"
"PTPN7"
"PTPRA"
"PTPRB"
"PTPRC"
"PTPRE"
"PTPRK"
"PTPRQ"
"PTPRR"
"PTRH1"
"PTRH2"
"PTS"
"PTTG1IP"
"PTX3"
"PUF60"
"PUS10"
"PUS1"
"PUSL1"
"PVR"
"PVRL1"
"PVRL2"
"PVRL4"
"PVT1"
"PWRN1"
"PWWP2A"
"PWWP2B"
"PXDN"
"PXMP2"
"PXN"
"PYCARD"
"PYCR1"
"PYCR2"
"PYCRL"
"PYGB"
"PYGM"
"PYGO2"
"PYROXD1"
"QARS"
"QPCT"
"QPCTL"
"QPRT"
"QRFPR"
"QSOX1"
"R3HCC1"
"R3HDM2"
"RAB11A"
"RAB11FIP3"
"RAB11FIP5"
"RAB13"
"RAB14"
"RAB15"
"RAB19"
"RAB1B"
"RAB20"
"RAB22A"
"RAB23"
"RAB24"
"RAB25"
"RAB26"
"RAB27A"
"RAB34"
"RAB38"
"RAB39B"
"RAB3A"
"RAB3D"
"RAB3IL1"
"RAB3IP"
"RAB40B"
"RAB40C"
"RAB43"
"RAB4A"
"RAB4B"
"RAB5A"
"RAB5B"
"RAB5C"
"RAB7A"
"RAB9B"
"RABEP2"
"RABGEF1"
"RABGGTA"
"RABGGTB"
"RABIF"
"RABL5"
"RAC1"
"RAC2"
"RAD23A"
"RAD23B"
"RAD51AP1"
"RAD54B"
"RAD54L"
"RAD9A"
"RADIL"
"RAE1"
"RAET1G"
"RAG1AP1"
"RAI1"
"RALA"
"RALB"
"RALY"
"RAMP2"
"RAMP3"
"RAN"
"RANBP3"
"RANBP3L"
"RANBP9"
"RANGAP1"
"RANGRF"
"RAP1B"
"RAP1GAP2"
"RAP1GDS1"
"RAP2A"
"RAP2B"
"RAP2C"
"RAPGEF3"
"RAPGEF4"
"RAPGEF5"
"RAPGEFL1"
"RARA"
"RARG"
"RARRES1"
"RARRES2"
"RARS2"
"RASA1"
"RASA2"
"RASA3"
"RASA4P"
"RASAL2"
"RASD1"
"RASD2"
"RASGEF1A"
"RASGEF1C"
"RASGRP3"
"RASIP1"
"RASL10B"
"RASL12"
"RASSF2"
"RASSF3"
"RASSF4"
"RASSF6"
"RASSF7"
"RASSF9"
"RAVER1"
"RB1"
"RBBP7"
"RBBP8"
"RBBP9"
"RBCK1"
"RBM10"
"RBM19"
"RBM34"
"RBM3"
"RBM42"
"RBM45"
"RBM4"
"RBMS2"
"RBP7"
"RBPMS2"
"RCAN1"
"RCAN2"
"RCBTB1"
"RCC1"
"RCC2"
"RCN2"
"RCOR2"
"RDBP"
"RDH10"
"RDH11"
"RDH5"
"RECQL4"
"RECQL5"
"REEP3"
"REEP4"
"REEP6"
"REL"
"RELA"
"RELL2"
"RELT"
"REM1"
"RENBP"
"REPIN1"
"REPS2"
"RER1"
"RERG"
"RERGL"
"REXO1"
"REXO4"
"RFC2"
"RFC4"
"RFC5"
"RFESD"
"RFK"
"RFNG"
"RFTN1"
"RFWD2"
"RFX1"
"RFXANK"
"RGAG4"
"RGL2"
"RGL3"
"RGMA"
"RGN"
"RGS10"
"RGS11"
"RGS19"
"RGS20"
"RGS2"
"RGS3"
"RGS5"
"RGS8"
"RHBDD2"
"RHBDD3"
"RHBDF1"
"RHBDF2"
"RHBDL1"
"RHBDL2"
"RHCE"
"RHOBTB1"
"RHOBTB2"
"RHOBTB3"
"RHOC"
"RHOD"
"RHOG"
"RHOH"
"RHOQ"
"RHOT1"
"RHOT2"
"RHOU"
"RHOV"
"RHPN1"
"RIBC2"
"RIC8A"
"RILP"
"RILPL2"
"RIMBP2"
"RIMBP3"
"RIMS2"
"RIMS3"
"RIN1"
"RIN3"
"RING1"
"RINL"
"RIOK3"
"RIPK3"
"RIT1"
"RMND5A"
"RMND5B"
"RMST"
"RNASE1"
"RNASE4"
"RNASEH2A"
"RNASEH2B"
"RNASEK"
"RND1"
"RND2"
"RND3"
"RNF10"
"RNF11"
"RNF113A"
"RNF114"
"RNF123"
"RNF126"
"RNF128"
"RNF130"
"RNF135"
"RNF145"
"RNF146"
"RNF14"
"RNF150"
"RNF157"
"RNF166"
"RNF167"
"RNF181"
"RNF187"
"RNF19B"
"RNF208"
"RNF212"
"RNF215"
"RNF220"
"RNF24"
"RNF25"
"RNF31"
"RNF34"
"RNF40"
"RNF44"
"RNF4"
"RNF7"
"RNF8"
"RNFT1"
"RNFT2"
"RNLS"
"RNMTL1"
"RNPEP"
"RNPEPL1"
"RNPS1"
"ROBLD3"
"ROBO4"
"ROD1"
"ROGDI"
"ROM1"
"ROMO1"
"ROR2"
"RP2"
"RP9"
"RP9P"
"RPAIN"
"RPE"
"RPF2"
"RPH3AL"
"RPIA"
"RPL10"
"RPL12"
"RPL13"
"RPL13A"
"RPL13AP20"
"RPL14"
"RPL15"
"RPL18"
"RPL19"
"RPL22L1"
"RPL23"
"RPL23A"
"RPL24"
"RPL26"
"RPL26L1"
"RPL27"
"RPL27A"
"RPL28"
"RPL29"
"RPL31"
"RPL32"
"RPL34"
"RPL35"
"RPL36"
"RPL36AL"
"RPL37"
"RPL37A"
"RPL38"
"RPL39"
"RPL41"
"RPL4"
"RPL6"
"RPL7A"
"RPL8"
"RPLP2"
"RPN1"
"RPN2"
"RPP21"
"RPP25"
"RPP38"
"RPP40"
"RPRD1A"
"RPRD2"
"RPS11"
"RPS14"
"RPS15"
"RPS15A"
"RPS16"
"RPS17"
"RPS19"
"RPS19BP1"
"RPS20"
"RPS24"
"RPS2"
"RPS27L"
"RPS28"
"RPS2P32"
"RPS4X"
"RPS6"
"RPS6KA1"
"RPS6KA2"
"RPS6KA3"
"RPS6KA4"
"RPS6KA5"
"RPS6KA6"
"RPS6KB2"
"RPS7"
"RPS8"
"RPS9"
"RPSA"
"RPSAP9"
"RPUSD1"
"RPUSD2"
"RPUSD3"
"RRAD"
"RRAS"
"RRBP1"
"RRM1"
"RRM2B"
"RRN3"
"RRN3P1"
"RRP12"
"RRP1"
"RRP8"
"RRP9"
"RRS1"
"RSAD1"
"RSL1D1"
"RSPH6A"
"RSU1"
"RTCD1"
"RTKN"
"RTN1"
"RTN2"
"RTN4IP1"
"RTN4R"
"RTN4RL1"
"RTTN"
"RUFY1"
"RUFY3"
"RUNDC1"
"RUNDC2C"
"RUNDC3A"
"RUNDC3B"
"RUNX1"
"RUNX1T1"
"RUNX3"
"RUSC1"
"RUVBL1"
"RUVBL2"
"RWDD1"
"RWDD2B"
"RWDD3"
"RXRG"
"RYR1"
"RYR2"
"S100A11"
"S100A13"
"S100A14"
"S100A16"
"S100A1"
"S100A5"
"S100A6"
"S1PR1"
"S1PR2"
"S1PR5"
"SAAL1"
"SAC3D1"
"SALL1"
"SAMD10"
"SAMD11"
"SAMD12"
"SAMD13"
"SAMD14"
"SAMD1"
"SAMD4A"
"SAMSN1"
"SAP18"
"SAP30BP"
"SAPS1"
"SAR1B"
"SARNP"
"SARS2"
"SARS"
"SART1"
"SASH3"
"SAT1"
"SAT2"
"SATB2"
"SATL1"
"SAV1"
"SBDS"
"SBDSP1"
"SBF2"
"SBK1"
"SC4MOL"
"SC5DL"
"SC65"
"SCAF1"
"SCAMP2"
"SCAMP3"
"SCAMP4"
"SCAMP5"
"SCAND1"
"SCAP"
"SCARA3"
"SCARA5"
"SCARB1"
"SCARB2"
"SCARF1"
"SCD5"
"SCEL"
"SCFD2"
"SCG5"
"SCGB2A1"
"SCGB3A1"
"SCHIP1"
"SCIN"
"SCLT1"
"SCLY"
"SCMH1"
"SCML2"
"SCN1B"
"SCN3A"
"SCN4A"
"SCNM1"
"SCNN1D"
"SCO1"
"SCO2"
"SCP2"
"SCRIB"
"SCRN2"
"SCUBE1"
"SCXB"
"SCYL1"
"SCYL2"
"SDC1"
"SDC3"
"SDC4"
"SDCCAG3"
"SDF2"
"SDF2L1"
"SDF4"
"SDHA"
"SDHAF1"
"SDHAF2"
"SDHB"
"SDHC"
"SDK1"
"SDPR"
"SDR39U1"
"SDR42E1"
"SDSL"
"SEC11A"
"SEC13"
"SEC14L1"
"SEC14L2"
"SEC22A"
"SEC24C"
"SEC31A"
"SEC61A1"
"SEC61A2"
"SEC61B"
"SECTM1"
"SEH1L"
"SELK"
"SELL"
"SELO"
"SELT"
"SEMA3A"
"SEMA3B"
"SEMA3C"
"SEMA3E"
"SEMA3F"
"SEMA3G"
"SEMA4C"
"SEMA4F"
"SEMA5A"
"SEMA5B"
"SEMA6B"
"SEMA6C"
"SENP2"
"SENP5"
"SEPHS2"
"SEPN1"
"SEPP1"
"SEPT11"
"SEPT1"
"SEPT3"
"SEPT4"
"SEPT5"
"SEPT9"
"SEPW1"
"SEPX1"
"SERF1A"
"SERF2"
"SERGEF"
"SERHL2"
"SERINC2"
"SERINC3"
"SERPINA1"
"SERPINA3"
"SERPINB6"
"SERPINB9"
"SERPINE1"
"SERPINE2"
"SERPINF1"
"SERPING1"
"SERPINH1"
"SESN1"
"SESN2"
"SESN3"
"SETBP1"
"SETD1A"
"SETD4"
"SETD8"
"SEZ6L2"
"SF3A2"
"SF3B14"
"SF3B4"
"SF3B5"
"SF4"
"SFI1"
"SFRP2"
"SFRP4"
"SFRS13B"
"SFRS16"
"SFRS4"
"SFRS8"
"SFRS9"
"SFT2D1"
"SFTA2"
"SFTA3"
"SFTPC"
"SFTPD"
"SFXN1"
"SFXN3"
"SFXN4"
"SFXN5"
"SGCB"
"SGCE"
"SGK3"
"SGMS2"
"SGPL1"
"SGPP1"
"SGPP2"
"SGSH"
"SGTA"
"SH2B1"
"SH2B2"
"SH2B3"
"SH2D1A"
"SH2D3A"
"SH2D3C"
"SH2D4A"
"SH3BGRL3"
"SH3BGRL"
"SH3BP5L"
"SH3GL1"
"SH3GLB1"
"SH3GLB2"
"SH3PXD2B"
"SH3RF1"
"SH3RF3"
"SH3TC1"
"SH3TC2"
"SH3YL1"
"SHANK3"
"SHARPIN"
"SHB"
"SHC1"
"SHC2"
"SHC3"
"SHC4"
"SHE"
"SHF"
"SHFM1"
"SHISA2"
"SHISA4"
"SHISA5"
"SHISA6"
"SHKBP1"
"SHMT2"
"SHPK"
"SHPRH"
"SHROOM1"
"SHROOM2"
"SHROOM4"
"SIAE"
"SIGIRR"
"SIGMAR1"
"SIKE1"
"SIL1"
"SILV"
"SIPA1"
"SIPA1L2"
"SIRT2"
"SIRT3"
"SIRT4"
"SIRT5"
"SIRT6"
"SIRT7"
"SIVA1"
"SIX4"
"SIX5"
"SKA2"
"SKIV2L"
"SLAMF6"
"SLBP"
"SLC10A3"
"SLC10A4"
"SLC12A2"
"SLC12A4"
"SLC12A9"
"SLC13A3"
"SLC14A2"
"SLC15A1"
"SLC15A2"
"SLC15A4"
"SLC16A10"
"SLC16A11"
"SLC16A13"
"SLC16A14"
"SLC16A1"
"SLC16A4"
"SLC16A6"
"SLC16A9"
"SLC17A5"
"SLC19A2"
"SLC1A3"
"SLC1A4"
"SLC1A5"
"SLC22A17"
"SLC22A18"
"SLC22A4"
"SLC22A5"
"SLC25A10"
"SLC25A11"
"SLC25A13"
"SLC25A1"
"SLC25A16"
"SLC25A19"
"SLC25A20"
"SLC25A22"
"SLC25A25"
"SLC25A29"
"SLC25A30"
"SLC25A33"
"SLC25A34"
"SLC25A3"
"SLC25A35"
"SLC25A37"
"SLC25A38"
"SLC25A39"
"SLC25A4"
"SLC25A45"
"SLC25A5"
"SLC26A11"
"SLC26A6"
"SLC26A7"
"SLC26A8"
"SLC27A1"
"SLC27A2"
"SLC27A3"
"SLC27A4"
"SLC27A5"
"SLC29A2"
"SLC2A11"
"SLC2A13"
"SLC2A1"
"SLC2A4"
"SLC2A4RG"
"SLC30A2"
"SLC30A3"
"SLC31A1"
"SLC34A2"
"SLC34A3"
"SLC35A2"
"SLC35B1"
"SLC35B2"
"SLC35B4"
"SLC35C1"
"SLC35C2"
"SLC35E2"
"SLC35E4"
"SLC35F2"
"SLC35F3"
"SLC35F5"
"SLC36A1"
"SLC37A1"
"SLC37A4"
"SLC38A10"
"SLC38A11"
"SLC38A3"
"SLC38A6"
"SLC39A10"
"SLC39A11"
"SLC39A13"
"SLC39A3"
"SLC39A7"
"SLC39A8"
"SLC3A2"
"SLC40A1"
"SLC41A1"
"SLC43A1"
"SLC43A3"
"SLC44A2"
"SLC45A1"
"SLC45A3"
"SLC46A3"
"SLC47A1"
"SLC48A1"
"SLC4A2"
"SLC4A3"
"SLC4A5"
"SLC5A6"
"SLC6A1"
"SLC6A17"
"SLC6A20"
"SLC6A8"
"SLC6A9"
"SLC7A11"
"SLC7A2"
"SLC7A5"
"SLC9A1"
"SLC9A2"
"SLC9A3R1"
"SLC9A3R2"
"SLC9A5"
"SLC9A7"
"SLCO1C1"
"SLCO2A1"
"SLCO4C1"
"SLFN12"
"SLFN13"
"SLIT1"
"SLIT2"
"SLITRK4"
"SLITRK5"
"SLMO1"
"SLMO2"
"SMAD6"
"SMAD7"
"SMAD9"
"SMAGP"
"SMAP1"
"SMARCA4"
"SMARCAL1"
"SMARCB1"
"SMARCD1"
"SMARCD2"
"SMARCD3"
"SMARCE1"
"SMC4"
"SMCR7"
"SMG5"
"SMG7"
"SMN2"
"SMO"
"SMOC2"
"SMOX"
"SMPD1"
"SMPD2"
"SMPD4"
"SMPDL3A"
"SMPDL3B"
"SMTN"
"SMUG1"
"SNAI1"
"SNAI3"
"SNAP23"
"SNAP47"
"SNAP91"
"SNAPC1"
"SNAPC2"
"SNAPC3"
"SNAPIN"
"SNCAIP"
"SND1"
"SNF8"
"SNHG11"
"SNHG1"
"SNHG3"
"SNHG6"
"SNHG7"
"SNHG8"
"SNHG9"
"SNN"
"SNORD116-20"
"SNORD116-4"
"SNPH"
"SNRK"
"SNRNP25"
"SNRNP35"
"SNRNP70"
"SNRPA1"
"SNRPA"
"SNRPB2"
"SNRPB"
"SNRPC"
"SNRPD1"
"SNRPD2"
"SNRPF"
"SNRPG"
"SNUPN"
"SNW1"
"SNX13"
"SNX14"
"SNX17"
"SNX18"
"SNX21"
"SNX24"
"SNX25"
"SNX27"
"SNX33"
"SNX3"
"SNX6"
"SNX8"
"SOCS1"
"SOCS2"
"SOD1"
"SOLH"
"SORBS3"
"SORCS1"
"SORD"
"SORT1"
"SOX12"
"SOX15"
"SOX17"
"SOX18"
"SOX3"
"SOX4"
"SOX8"
"SOX9"
"SP140"
"SP140L"
"SPA17"
"SPAG4"
"SPAG7"
"SPARC"
"SPARCL1"
"SPAST"
"SPATA18"
"SPATA20"
"SPATA24"
"SPATA2L"
"SPATS2"
"SPCS1"
"SPCS2"
"SPDYE3"
"SPEG"
"SPESP1"
"SPG7"
"SPHAR"
"SPHK1"
"SPIN2B"
"SPINK2"
"SPINT1"
"SPINT2"
"SPIRE1"
"SPN"
"SPNS1"
"SPNS2"
"SPOCK1"
"SPON2"
"SPOP"
"SPPL2B"
"SPPL3"
"SPR"
"SPRED1"
"SPRED2"
"SPRY1"
"SPRY3"
"SPRY4"
"SPRYD3"
"SPRYD4"
"SPSB1"
"SPSB2"
"SPSB3"
"SPTBN2"
"SPTBN4"
"SPTBN5"
"SPTLC2"
"SQLE"
"SQRDL"
"SQSTM1"
"SRA1"
"SRC"
"SRCIN1"
"SRD5A1"
"SREBF1"
"SRF"
"SRGAP2"
"SRI"
"SRL"
"SRM"
"SRP14"
"SRP19"
"SRP68"
"SRP9"
"SRPK2"
"SRPR"
"SRPRB"
"SRPX"
"SRRM3"
"SRRM5"
"SS18"
"SSB"
"SSBP1"
"SSBP2"
"SSBP4"
"SSH3"
"SSNA1"
"SSPO"
"SSR2"
"SSR3"
"SSR4"
"SSSCA1"
"SSTR2"
"SSU72"
"SSX1"
"SSX2"
"ST14"
"ST20"
"ST3GAL1"
"ST3GAL2"
"ST3GAL3"
"ST3GAL4"
"ST3GAL5"
"ST3GAL6"
"ST5"
"ST6GAL1"
"ST6GAL2"
"ST6GALNAC3"
"ST6GALNAC4"
"ST6GALNAC6"
"ST7OT1"
"ST8SIA2"
"ST8SIA4"
"ST8SIA5"
"STAB1"
"STAG3L4"
"STAM"
"STAMBP"
"STAP2"
"STARD10"
"STARD3"
"STARD5"
"STARD8"
"STAT5B"
"STAT6"
"STAU1"
"STBD1"
"STC1"
"STC2"
"STEAP2"
"STEAP3"
"STEAP4"
"STIM1"
"STIM2"
"STIP1"
"STK10"
"STK11"
"STK11IP"
"STK16"
"STK17B"
"STK19"
"STK25"
"STK32A"
"STK32C"
"STK35"
"STK3"
"STK39"
"STK40"
"STMN1"
"STOM"
"STOML1"
"STOML2"
"STRA13"
"STRA6"
"STRADA"
"STRADB"
"STRAP"
"STRBP"
"STRN4"
"STUB1"
"STX10"
"STX11"
"STX18"
"STX1A"
"STX1B"
"STX2"
"STX3"
"STX4"
"STX6"
"STX8"
"STXBP1"
"STXBP2"
"STXBP4"
"STXBP6"
"STYXL1"
"SUCLG1"
"SUCLG2"
"SUCNR1"
"SUFU"
"SUGT1"
"SULF1"
"SULT1A1"
"SULT1A2"
"SULT1A3"
"SUMF1"
"SUMF2"
"SUMO1P3"
"SUMO2"
"SUOX"
"SUPT4H1"
"SUPT5H"
"SUPT6H"
"SUPT7L"
"SURF1"
"SURF2"
"SUSD1"
"SUSD2"
"SUSD3"
"SUSD4"
"SUSD5"
"SUV420H2"
"SUZ12P"
"SV2A"
"SVEP1"
"SVIP"
"SVOPL"
"SYAP1"
"SYCE1L"
"SYDE1"
"SYF2"
"SYMPK"
"SYNC"
"SYNGR2"
"SYNPO"
"SYNPO2"
"SYP"
"SYPL2"
"SYS1-DBNDD2"
"SYT13"
"SYT3"
"SYT9"
"SYTL1"
"SYTL4"
"SYTL5"
"SYVN1"
"T"
"TACO1"
"TADA2B"
"TADA3"
"TAF10"
"TAF11"
"TAF12"
"TAF1A"
"TAF6"
"TAF6L"
"TAF9"
"TAGAP"
"TALDO1"
"TANC2"
"TANK"
"TAOK2"
"TAPBP"
"TAPBPL"
"TARBP1"
"TARBP2"
"TARS2"
"TARS"
"TAS1R3"
"TAS2R20"
"TAX1BP1"
"TAX1BP3"
"TAZ"
"TBC1D10B"
"TBC1D12"
"TBC1D17"
"TBC1D20"
"TBC1D22B"
"TBC1D2"
"TBC1D3B"
"TBC1D4"
"TBC1D7"
"TBC1D8"
"TBCA"
"TBCB"
"TBCD"
"TBKBP1"
"TBL1X"
"TBL2"
"TBL3"
"TBRG4"
"TBX15"
"TBX19"
"TBX22"
"TBX2"
"TBX3"
"TBXA2R"
"TC2N"
"TCEA2"
"TCEA3"
"TCEAL2"
"TCEAL4"
"TCEAL5"
"TCEAL7"
"TCEB1"
"TCEB2"
"TCEB3"
"TCF19"
"TCFL5"
"TCIRG1"
"TCOF1"
"TCTEX1D2"
"TCTN3"
"TDP2"
"TDRD10"
"TDRD6"
"TDRKH"
"TEAD2"
"TEAD3"
"TEC"
"TECPR1"
"TECPR2"
"TECR"
"TEK"
"TEKT4"
"TELO2"
"TENC1"
"TEPP"
"TESC"
"TESK1"
"TET3"
"TEX2"
"TEX264"
"TFAP4"
"TFB1M"
"TFCP2L1"
"TFE3"
"TFEB"
"TFF3"
"TFG"
"TFPI"
"TFPT"
"TGFA"
"TGFB1"
"TGFB1I1"
"TGFB2"
"TGFB3"
"TGFBI"
"TGFBR1"
"TGFBR3"
"TGM2"
"TH1L"
"THAP3"
"THAP7"
"THAP8"
"THBS2"
"THBS4"
"THEM4"
"THG1L"
"THNSL2"
"THOC3"
"THOC5"
"THOC6"
"THOC7"
"THOP1"
"THRA"
"THRSP"
"THSD1"
"THSD7B"
"THY1"
"THYN1"
"TIA1"
"TIAF1"
"TIAM1"
"TICAM1"
"TIE1"
"TIGD2"
"TIGD4"
"TIGD5"
"TIGIT"
"TIMELESS"
"TIMM10"
"TIMM13"
"TIMM16"
"TIMM17A"
"TIMM17B"
"TIMM22"
"TIMM44"
"TIMM50"
"TIMM8A"
"TIMM8B"
"TIMM9"
"TIMP1"
"TINAGL1"
"TIPIN"
"TJP3"
"TK1"
"TK2"
"TKT"
"TLCD1"
"TLE1"
"TLE3"
"TLE4"
"TLE6"
"TLN2"
"TLR2"
"TM2D3"
"TM4SF18"
"TM6SF1"
"TM7SF2"
"TM7SF3"
"TM9SF1"
"TM9SF4"
"TMBIM4"
"TMBIM6"
"TMC3"
"TMC4"
"TMC6"
"TMC7"
"TMCC1"
"TMCC2"
"TMCO3"
"TMCO4"
"TMCO6"
"TMED1"
"TMED2"
"TMED3"
"TMED5"
"TMED7"
"TMED9"
"TMEM101"
"TMEM102"
"TMEM105"
"TMEM106B"
"TMEM106C"
"TMEM108"
"TMEM110"
"TMEM111"
"TMEM115"
"TMEM116"
"TMEM117"
"TMEM11"
"TMEM119"
"TMEM120A"
"TMEM121"
"TMEM125"
"TMEM126A"
"TMEM127"
"TMEM129"
"TMEM130"
"TMEM132A"
"TMEM132B"
"TMEM132D"
"TMEM133"
"TMEM134"
"TMEM135"
"TMEM138"
"TMEM139"
"TMEM141"
"TMEM143"
"TMEM144"
"TMEM147"
"TMEM14B"
"TMEM14C"
"TMEM150A"
"TMEM154"
"TMEM159"
"TMEM161A"
"TMEM163"
"TMEM167A"
"TMEM171"
"TMEM173"
"TMEM175"
"TMEM177"
"TMEM179B"
"TMEM180"
"TMEM182"
"TMEM183A"
"TMEM184A"
"TMEM184B"
"TMEM186"
"TMEM187"
"TMEM188"
"TMEM189"
"TMEM199"
"TMEM20"
"TMEM203"
"TMEM204"
"TMEM205"
"TMEM206"
"TMEM208"
"TMEM214"
"TMEM215"
"TMEM216"
"TMEM217"
"TMEM219"
"TMEM222"
"TMEM223"
"TMEM22"
"TMEM229B"
"TMEM231"
"TMEM233"
"TMEM26"
"TMEM30A"
"TMEM33"
"TMEM37"
"TMEM38A"
"TMEM38B"
"TMEM39B"
"TMEM41A"
"TMEM41B"
"TMEM42"
"TMEM44"
"TMEM50A"
"TMEM51"
"TMEM53"
"TMEM54"
"TMEM55A"
"TMEM56"
"TMEM57"
"TMEM59"
"TMEM60"
"TMEM62"
"TMEM63B"
"TMEM63C"
"TMEM66"
"TMEM68"
"TMEM69"
"TMEM71"
"TMEM79"
"TMEM81"
"TMEM85"
"TMEM86A"
"TMEM86B"
"TMEM87A"
"TMEM87B"
"TMEM88"
"TMEM8A"
"TMEM90A"
"TMEM91"
"TMEM9"
"TMEM93"
"TMEM97"
"TMEM98"
"TMEM99"
"TMEM9B"
"TMIE"
"TMOD1"
"TMOD2"
"TMPRSS13"
"TMPRSS6"
"TMUB1"
"TMUB2"
"TMX2"
"TMX3"
"TNFAIP1"
"TNFAIP2"
"TNFAIP3"
"TNFAIP8L1"
"TNFAIP8L3"
"TNFRSF10B"
"TNFRSF10C"
"TNFRSF11A"
"TNFRSF11B"
"TNFRSF12A"
"TNFRSF14"
"TNFRSF1A"
"TNFRSF21"
"TNFRSF4"
"TNFSF12"
"TNFSF13"
"TNFSF15"
"TNIK"
"TNIP1"
"TNIP2"
"TNK2"
"TNKS1BP1"
"TNKS"
"TNN"
"TNPO2"
"TNS3"
"TNS4"
"TNXB"
"TOB1"
"TOLLIP"
"TOM1L1"
"TOMM34"
"TOMM40"
"TOMM40L"
"TOMM5"
"TOMM6"
"TOMM70A"
"TOP2A"
"TOR1A"
"TOR1B"
"TOR2A"
"TOR3A"
"TOX2"
"TOX"
"TP53"
"TP53BP1"
"TP53I11"
"TP53I13"
"TP53I3"
"TP53INP1"
"TP53TG1"
"TPCN1"
"TPD52L1"
"TPD52L2"
"TPI1"
"TPK1"
"TPM1"
"TPM2"
"TPM3"
"TPM4"
"TPMT"
"TPP1"
"TPPP"
"TPPP3"
"TPRA1"
"TPRG1L"
"TPRN"
"TPT1"
"TRA2A"
"TRABD"
"TRADD"
"TRAF3IP2"
"TRAF3IP3"
"TRAF4"
"TRAF7"
"TRAK1"
"TRAK2"
"TRAM2"
"TRAP1"
"TRAPPC1"
"TRAPPC2"
"TRAPPC2L"
"TRAPPC3"
"TRAPPC4"
"TRAPPC5"
"TRAPPC6B"
"TRAPPC9"
"TREH"
"TREM1"
"TREM2"
"TREX1"
"TRIAP1"
"TRIB2"
"TRIB3"
"TRIL"
"TRIM11"
"TRIM13"
"TRIM14"
"TRIM22"
"TRIM24"
"TRIM27"
"TRIM28"
"TRIM29"
"TRIM32"
"TRIM36"
"TRIM38"
"TRIM45"
"TRIM47"
"TRIM54"
"TRIM55"
"TRIM5"
"TRIM62"
"TRIM63"
"TRIM65"
"TRIM7"
"TRIM8"
"TRIP6"
"TRMT112"
"TRMT11"
"TRMT1"
"TRMT2A"
"TRMT61A"
"TRMU"
"TRNAU1AP"
"TRNP1"
"TRNT1"
"TRPC4"
"TRPC4AP"
"TRPC5"
"TRPM4"
"TRPT1"
"TRPV4"
"TRPV6"
"TRUB1"
"TRUB2"
"TSC22D1"
"TSC22D2"
"TSC22D4"
"TSC2"
"TSEN15"
"TSEN34"
"TSEN54"
"TSFM"
"TSG101"
"TSGA10IP"
"TSGA14"
"TSHZ2"
"TSHZ3"
"TSNARE1"
"TSNAX"
"TSPAN10"
"TSPAN11"
"TSPAN13"
"TSPAN14"
"TSPAN15"
"TSPAN17"
"TSPAN18"
"TSPAN2"
"TSPAN3"
"TSPAN31"
"TSPAN33"
"TSPAN4"
"TSPAN5"
"TSPAN8"
"TSPAN9"
"TSPO"
"TSR2"
"TSSC1"
"TSSC4"
"TST"
"TSTA3"
"TSTD1"
"TTC15"
"TTC1"
"TTC18"
"TTC31"
"TTC38"
"TTC39A"
"TTC39B"
"TTC39C"
"TTC4"
"TTC7B"
"TTC9"
"TTK"
"TTL"
"TTLL3"
"TTPAL"
"TTYH3"
"TUB"
"TUBA1A"
"TUBA1B"
"TUBA1C"
"TUBA4A"
"TUBB2A"
"TUBB2C"
"TUBB8"
"TUBBP5"
"TUBE1"
"TUBG1"
"TUBG2"
"TUFM"
"TULP4"
"TUSC2"
"TUSC3"
"TUT1"
"TWF1"
"TWF2"
"TWSG1"
"TXLNA"
"TXN"
"TXNDC12"
"TXNDC17"
"TXNDC6"
"TXNDC9"
"TXNL4A"
"TXNL4B"
"TXNRD2"
"TYK2"
"TYMS"
"TYRO3"
"TYSND1"
"TYW1"
"U2AF1L4"
"U2AF2"
"UAP1L1"
"UBA1"
"UBA2"
"UBA52"
"UBA7"
"UBAC1"
"UBAC2"
"UBAP2L"
"UBASH3B"
"UBB"
"UBD"
"UBE2A"
"UBE2D2"
"UBE2D4"
"UBE2E1"
"UBE2E2"
"UBE2F"
"UBE2G1"
"UBE2I"
"UBE2J2"
"UBE2M"
"UBE2MP1"
"UBE2O"
"UBE2Q1"
"UBE2QL1"
"UBE2R2"
"UBE2T"
"UBE2V1"
"UBE2W"
"UBE2Z"
"UBE3B"
"UBE3C"
"UBFD1"
"UBL3"
"UBL4A"
"UBL5"
"UBL7"
"UBLCP1"
"UBOX5"
"UBP1"
"UBQLN2"
"UBQLN4"
"UBTD1"
"UBXN1"
"UBXN6"
"UCK1"
"UCK2"
"UCP2"
"UFC1"
"UFD1L"
"UGGT1"
"UGGT2"
"UGP2"
"UHRF1"
"ULBP1"
"ULBP2"
"ULBP3"
"ULK1"
"ULK3"
"UNC119"
"UNC13B"
"UNC45A"
"UNC5B"
"UNC5CL"
"UNC80"
"UNC93B1"
"UPF1"
"UPP1"
"UPRT"
"UQCC"
"UQCR10"
"UQCR11"
"UQCRB"
"UQCRC1"
"UQCRC2"
"UQCRFS1"
"UQCRH"
"UQCRHL"
"UQCRQ"
"URB1"
"URGCP"
"URM1"
"UROD"
"UROS"
"USE1"
"USF1"
"USF2"
"USHBP1"
"USMG5"
"USO1"
"USP10"
"USP15"
"USP28"
"USP2"
"USP35"
"USP39"
"USP4"
"USP51"
"USP53"
"USP54"
"USP5"
"USP6"
"USP6NL"
"UTP11L"
"UTS2R"
"UXS1"
"UXT"
"VAC14"
"VAMP1"
"VAMP3"
"VAMP4"
"VAMP5"
"VAMP7"
"VAMP8"
"VANGL1"
"VAPA"
"VARS2"
"VARS"
"VASH1"
"VASN"
"VASP"
"VAT1"
"VAV3"
"VBP1"
"VCAM1"
"VCL"
"VCP"
"VDAC1"
"VDAC2"
"VDR"
"VEGFA"
"VEGFB"
"VEGFC"
"VGLL3"
"VIM"
"VIPAR"
"VIPR1"
"VKORC1"
"VOPP1"
"VPS11"
"VPS16"
"VPS18"
"VPS25"
"VPS26A"
"VPS26B"
"VPS28"
"VPS29"
"VPS33A"
"VPS37A"
"VPS37D"
"VPS39"
"VPS45"
"VPS4A"
"VPS52"
"VPS53"
"VPS72"
"VSIG10L"
"VSTM2L"
"VTI1B"
"VWA1"
"VWA5B2"
"VWF"
"WASH2P"
"WASH3P"
"WASH5P"
"WASH7P"
"WBP1"
"WBP2"
"WBSCR16"
"WBSCR17"
"WBSCR22"
"WBSCR26"
"WDFY2"
"WDFY4"
"WDHD1"
"WDR13"
"WDR18"
"WDR1"
"WDR20"
"WDR24"
"WDR25"
"WDR26"
"WDR34"
"WDR41"
"WDR45"
"WDR46"
"WDR52"
"WDR54"
"WDR55"
"WDR59"
"WDR6"
"WDR63"
"WDR66"
"WDR67"
"WDR72"
"WDR73"
"WDR77"
"WDR81"
"WDR83"
"WDR8"
"WDR85"
"WDR86"
"WDR91"
"WDTC1"
"WDYHV1"
"WFDC2"
"WHAMM"
"WHSC1"
"WHSC2"
"WIBG"
"WIPF3"
"WIPI1"
"WIPI2"
"WISP2"
"WIZ"
"WLS"
"WNT3"
"WNT4"
"WNT5A"
"WNT7B"
"WRB"
"WRNIP1"
"WSB1"
"WSB2"
"WSCD1"
"WSCD2"
"WWC1"
"XAB2"
"XK"
"XKR6"
"XKR8"
"XKRX"
"XPNPEP1"
"XPO5"
"XPO6"
"XPOT"
"XPR1"
"XRCC1"
"XRCC3"
"XRCC6BP1"
"XRRA1"
"XYLT2"
"YAF2"
"YAP1"
"YARS2"
"YARS"
"YDJC"
"YIF1A"
"YIF1B"
"YIPF1"
"YIPF2"
"YIPF3"
"YIPF4"
"YKT6"
"YPEL3"
"YPEL4"
"YTHDF2"
"YWHAB"
"YWHAE"
"YWHAG"
"YWHAH"
"YWHAZ"
"YY1"
"ZAP70"
"ZBED1"
"ZBTB33"
"ZBTB42"
"ZBTB45"
"ZBTB46"
"ZBTB48"
"ZBTB7B"
"ZBTB8OS"
"ZC3H12A"
"ZC3H14"
"ZC3H18"
"ZC3H3"
"ZC3HC1"
"ZC4H2"
"ZCCHC12"
"ZCCHC16"
"ZCCHC3"
"ZCRB1"
"ZDHHC12"
"ZDHHC16"
"ZDHHC18"
"ZDHHC24"
"ZDHHC3"
"ZDHHC4"
"ZDHHC5"
"ZDHHC7"
"ZDHHC8"
"ZDHHC8P1"
"ZDHHC9"
"ZER1"
"ZFAND2A"
"ZFAND2B"
"ZFAND3"
"ZFAND6"
"ZFHX4"
"ZFP36"
"ZFP36L1"
"ZFP36L2"
"ZFPL1"
"ZFPM1"
"ZFPM2"
"ZFR2"
"ZFYVE19"
"ZFYVE27"
"ZFYVE28"
"ZGLP1"
"ZGPAT"
"ZHX2"
"ZMAT2"
"ZMAT3"
"ZMIZ2"
"ZMYM3"
"ZMYND10"
"ZMYND15"
"ZMYND19"
"ZNF117"
"ZNF133"
"ZNF174"
"ZNF18"
"ZNF205"
"ZNF207"
"ZNF213"
"ZNF219"
"ZNF233"
"ZNF259"
"ZNF275"
"ZNF277"
"ZNF282"
"ZNF287"
"ZNF295"
"ZNF300"
"ZNF30"
"ZNF319"
"ZNF32"
"ZNF335"
"ZNF341"
"ZNF354C"
"ZNF358"
"ZNF362"
"ZNF366"
"ZNF367"
"ZNF385A"
"ZNF404"
"ZNF408"
"ZNF410"
"ZNF414"
"ZNF415"
"ZNF428"
"ZNF442"
"ZNF444"
"ZNF446"
"ZNF454"
"ZNF467"
"ZNF48"
"ZNF487"
"ZNF491"
"ZNF497"
"ZNF511"
"ZNF513"
"ZNF524"
"ZNF540"
"ZNF575"
"ZNF576"
"ZNF579"
"ZNF580"
"ZNF581"
"ZNF593"
"ZNF598"
"ZNF628"
"ZNF629"
"ZNF643"
"ZNF653"
"ZNF664"
"ZNF668"
"ZNF672"
"ZNF675"
"ZNF681"
"ZNF682"
"ZNF687"
"ZNF688"
"ZNF691"
"ZNF692"
"ZNF697"
"ZNF699"
"ZNF702P"
"ZNF707"
"ZNF710"
"ZNF720"
"ZNF746"
"ZNF75D"
"ZNF768"
"ZNF770"
"ZNF771"
"ZNF777"
"ZNF786"
"ZNF787"
"ZNF792"
"ZNF799"
"ZNF804B"
"ZNF814"
"ZNF821"
"ZNF826"
"ZNF829"
"ZNF833"
"ZNF837"
"ZNF839"
"ZNF860"
"ZNF876P"
"ZNF883"
"ZNF90"
"ZNHIT1"
"ZNHIT2"
"ZNHIT3"
"ZNRD1"
"ZNRF1"
"ZNRF2"
"ZP3"
"ZRSR2"
"ZSCAN1"
"ZSCAN16"
"ZSCAN18"
"ZSWIM4"
"ZSWIM5"
"ZSWIM7"
"ZWINT"
